,ra,dec,parallax,phot_g_mean_mag,bp_rp,G
0,282.60587141498337,-6.285981421170683,0.5073870878573842,16.40412,1.099597,4.930817054834158
1,282.61065960499485,-6.223920446760829,0.4149731673103604,15.952048,1.1056652,4.0421480779484735
2,282.6106794575415,-6.250028468104549,0.4645777984165625,16.118809,1.1321278,4.454101257889715
3,282.6159049047705,-6.195399911497924,0.4551744639692171,16.738075,1.3849468,5.028964447203737
4,282.61739361720754,-6.285022451866964,0.3860083515813316,14.585701,0.71333694,2.5186845053076112
5,282.6289022824198,-6.300143319114826,0.3996691564045355,13.435728,0.5434904,1.4442311691192398
6,282.6345622020918,-6.380977398974008,0.3791232756474701,13.399059,0.48914814,1.2929612401875108
7,282.64233993485493,-6.1710894563729966,0.4641000322842118,14.351119,0.6565132,2.684176993149393
8,282.6430780104108,-6.320326818131394,0.5610261192875736,17.40624,1.3526516,6.151155404305815
9,282.64527437892053,-6.344151407076758,0.4490534995187733,15.666063,1.0297365,3.9275534261933327
10,282.6461225830428,-6.2813412491942495,0.4679299296986897,16.37558,1.1598072,4.726484121956613
11,282.6491384266684,-6.3427372001315225,0.3899942982494036,13.045871,0.5551939,1.0011622882488727
12,282.65015902626925,-6.330474986330306,0.4399009126181589,15.496752,1.0334835,3.7135263148242927
13,282.6508288458564,-6.236521006440889,0.4144189246282546,15.273028,0.93100643,3.36022589722306
14,282.6517328830464,-6.228750656669321,0.3825461774082236,15.58579,1.0129471,3.499209333175365
15,282.6524119095581,-6.146838085479686,0.4684057686520344,15.073356,0.86501884,3.426467174938427
16,282.65307704093,-6.227146941900301,0.3922248385547474,13.410537,0.5287132,1.3782124645794571
17,282.65507212102045,-6.214250804753745,0.3864870732195876,14.452615,0.73135376,2.3882898635448537
18,282.65941052215715,-6.289605476254591,0.4452052700131213,13.395942,0.52974224,1.6387434827615994
19,282.6631593306834,-6.312791125590577,0.3891043466912508,14.274149,0.7045431,2.2244794117092876
20,282.66327761751063,-6.326791817025986,0.4643499896912604,14.668624,0.83261776,3.002851201212776
21,282.66609860727664,-6.33513818981299,0.4436776613256093,15.192287,0.96319866,3.427624815126066
22,282.6673108181297,-6.1945601096438985,0.4124718670507329,14.475305,0.6404381,2.5522766625959594
23,282.6745462136089,-6.380212589594287,0.3703122071117825,14.026721,0.5975113,1.8695611426656047
24,282.6750153345704,-6.294150598767408,0.4482422531412049,14.446649,0.71604156,2.704212962480643
25,282.6766242266244,-6.365342715819367,0.3884197065949001,14.771037,0.82430744,2.7175432793043264
26,282.67678264985113,-6.333303169328353,0.4107849232274869,14.299759,0.8494339,2.367831477945762
27,282.67869127693785,-6.320164759889689,0.4690016699406859,16.00387,1.223836,4.359741945395605
28,282.67935111698154,-6.316507751777433,0.4492000126053405,14.85089,0.8502884,3.1130887988824263
29,282.6806829081289,-6.195835265580742,0.388419490273484,13.918665,0.59843445,1.8651700699524092
30,282.68809641405403,-6.219215025854176,0.4464279205661158,16.01803,1.0785961,4.266786742467982
31,282.68973698214927,-6.189641907970265,0.3841544920875283,14.504745,0.6746597,2.427274579751483
32,282.691720876569,-6.321261804024851,0.3948077554818102,14.051637,0.7140856,2.0335653761414
33,282.69231073370094,-6.361275546486432,0.4277611813088718,15.853447,1.1815081,4.009453852226148
34,282.69646837921044,-6.250026214237699,0.4271551593225247,15.511668,0.9792404,3.664596281421524
35,282.69676918995987,-6.316535869444195,0.4291205194556027,14.389379,0.6994076,2.552275409452852
36,282.6988969747296,-6.316318434009158,0.4142681944626141,14.963337,0.88451767,3.0497449575895352
37,282.70000235020126,-6.367385583343052,0.3762540863844919,14.718296,0.828454,2.5957021268579847
38,282.7008883405131,-6.318560037306265,0.4309151259864134,14.274942,0.66098595,2.4469006948226273
39,282.7023878498982,-6.323023083969939,0.4970747370904108,16.15125,1.1393576,4.633358457406615
40,282.7032748785965,-6.196880046911796,0.4918333193682355,15.927513,1.0547915,4.386602733924869
41,282.7035015843715,-6.382533678375913,0.374986928794726,15.551487,0.98763275,3.4215676472884535
42,282.7044554890924,-6.217218303033312,0.3979493574845804,15.255345,0.91540146,3.254484039207812
43,282.70646251432174,-6.249622820535781,0.4412807018548033,16.029707,1.0525455,4.253281676197798
44,282.7083533464304,-6.279475811163245,0.3763203496326479,12.765573,0.57920647,0.6433615177780609
45,282.7093005683652,-6.300159317581249,0.4127811083963576,14.258916,0.67100143,2.337515064377751
46,282.7103205839182,-6.278752722882754,0.3960535629515131,12.641953,0.59171295,0.6307226230770979
47,282.71074531216146,-6.413338447366844,0.4265430798681441,14.341569,0.7071495,2.4913835023029804
48,282.7119685920804,-6.344943053234662,0.4689675306700243,15.659687,1.0704594,4.015400875206717
49,282.7140855141471,-6.216632522399753,0.4797343959463349,14.473276,0.7132883,2.878280287911826
50,282.7161354764433,-6.3040775618872695,0.4670187185616398,15.794618,1.0715799,4.141289439287849
51,282.71705453778816,-6.292275049640451,0.3653705439176598,13.148292,0.59467125,0.9619596585736492
52,282.7175608250323,-6.147933902614608,0.4265463686046447,15.730688,1.0491943,3.88051924474561
53,282.71828631669734,-6.315010625066831,0.3962567006005694,13.758922,0.62938404,1.7488050954886436
54,282.71877830157626,-6.259899977744713,0.4200289680111058,13.912347,0.58401966,2.028743216436432
55,282.71916190916005,-6.329569004843325,0.4340066393937165,13.937414,0.62733555,2.12489586680217
56,282.7195755459035,-6.361346344681835,0.412897479904436,15.212212,1.1800737,3.2914231609593987
57,282.7200016299498,-6.381610350746212,0.3803879446198076,15.803526,1.0831299,3.704659723397624
58,282.7202663956547,-6.151984886783373,0.4142592677507348,14.996543,1.0509367,3.082904165879091
59,282.72071283281923,-6.294516893014768,0.4134695881424663,13.244389,0.5728483,1.3266068573795682
60,282.72066866213896,-6.339490351674085,0.4421944426131686,15.30449,1.0786934,3.5325564008742507
61,282.721466551931,-6.276294468103844,0.3927881452041957,14.769857,0.8307171,2.740648859040773
62,282.72151978837934,-6.369750733530666,0.4305056782275847,12.605283,0.6411028,0.7751774201405155
63,282.7215948718484,-6.337049433744887,0.3985800151004368,15.115075,0.9099493,3.1176525963934676
64,282.7221474995972,-6.374729534970931,0.3908679052087624,13.053003,0.68586826,1.0131530563953532
65,282.7224618925262,-6.27585182037472,0.4150024627652521,14.314361,0.70947075,2.404614369851858
66,282.72266451822765,-6.403921065858339,0.4421791447203675,15.93641,1.0875912,4.164401276622192
67,282.72325841797215,-6.27719903954867,0.3801312486273429,14.961818,0.8702793,2.8614858608884663
68,282.7239909889412,-6.262189621999658,0.4416041127907628,15.901174,1.0388212,4.126339547269842
69,282.7244116492936,-6.268577366289535,0.4174385245894427,13.48823,0.48553753,1.5911926338598281
70,282.72629466017713,-6.287630376357785,0.3653991725786284,14.588837,0.7798557,2.4026747979377827
71,282.7263231836644,-6.330166487273948,0.4031599977776002,13.087817,0.56707764,1.1152041706806433
72,282.7285927986476,-6.302863030243127,0.3929575647876113,11.267878,0.5071907,-0.760393731247941
73,282.72883376154425,-6.342369502192557,0.3842386264343573,15.285282,1.001975,3.2082871056487345
74,282.7288994094832,-6.264253770443007,0.4570025261914326,13.104694,0.48857975,1.4042870037186947
75,282.72937576471094,-6.295449130523775,0.5083898214079244,16.735706,1.2587585,5.266690234285701
76,282.73114738592886,-6.181765235579378,0.4135608322009977,16.278074,1.1297665,4.360771002889972
77,282.7320097026994,-6.2589085645810085,0.4599817792511456,14.333106,0.6002865,2.6468091439795067
78,282.73308409859635,-6.327376601624298,0.4614737648232241,15.876118,1.1373558,4.196853080261738
79,282.7332939942365,-6.335445269069321,0.4090938961689953,13.802231,0.7102814,1.8613459985686251
80,282.7339618156443,-6.266935931007503,0.3765295584835064,14.506218,0.66411114,2.3852133752253764
81,282.7352432604524,-6.28791950758886,0.3900381372464625,15.22218,0.91272163,3.177715368285403
82,282.73563497912346,-6.211528821278834,0.3978801683436047,15.316641,0.92737675,3.315402465101375
83,282.7367659935284,-6.285333069404187,0.4229253620919102,13.232281,0.5434227,1.3635996490295597
84,282.7375882228087,-6.25131304249286,0.4591968393071808,15.8500185,1.2049894,4.160012950562669
85,282.7392909343908,-6.313960297268434,0.3832704204345992,14.103709,0.6037464,2.0212355155551744
86,282.7408149103057,-6.344393963062538,0.4156690837386237,13.741471,0.68361664,1.8352096207145472
87,282.7414875124323,-6.35592865971631,0.4586679307688804,14.104428,0.74626446,2.4119198805487816
88,282.7415343251953,-6.285679613574951,0.3962805754029417,14.143655,0.7274208,2.1336689246022242
89,282.74185557331737,-6.438541027947425,0.4550757912476881,14.423705,0.6780205,2.71412366437894
90,282.7423134317485,-6.335867669491241,0.3940288517909413,14.463291,0.69254684,2.4409311156614013
91,282.743511008136,-6.229245441016071,0.3852196340119015,11.678518,0.48119068,-0.39293992853553306
92,282.74466870177054,-6.263248929788809,0.4303699438026589,14.411887,0.73550415,2.5810966671898044
93,282.7449710083208,-6.297081291930939,0.3884875912080743,13.812892,0.6823406,1.7597777571785347
94,282.74516763570193,-6.244757749026886,0.4852841401696892,14.51171,0.7206898,2.941690490685854
95,282.7453128073385,-6.325064187900413,0.4339642899055622,14.702321,0.8162985,2.8895909685874894
96,282.7463710279898,-6.303423322139915,0.3945155528161472,13.913421,0.6425371,1.893741644433014
97,282.74645118510165,-6.432107774533796,0.4026828881501046,14.526973,0.71158123,2.551788874137438
98,282.7476832931426,-6.3058969275399965,0.4240779588828551,13.0444975,0.6020584,1.1817260046670466
99,282.7487669105937,-6.15087180944952,0.4399453251904869,12.4321785,0.46814442,0.6491720364823159
100,282.7490329892648,-6.273775777074566,0.4150649290811527,14.166674,0.7337122,2.257254196042336
101,282.749905102966,-6.293307550691954,0.4076662933418603,14.107056,0.6752758,2.158580023034741
102,282.750210111198,-6.1815003015358085,0.4243434359006918,16.15223,1.1034327,4.290817442671088
103,282.7506568720896,-6.316127602742775,0.4420677932311762,15.809303,1.0953712,4.036747378063797
104,282.7508620126369,-6.244542332551253,0.4105645725387953,14.594184,0.7870121,2.661091357726276
105,282.7521607935389,-6.242893559424316,0.3974820877817902,14.561836,0.8216009,2.5584238114680318
106,282.7526212934921,-6.291273233316804,0.3788713009540622,11.978572,0.5506077,-0.1289694538221191
107,282.75267149062944,-6.3129762405738274,0.4406821256522225,14.197686,0.7392483,2.418313178031374
108,282.7530987101608,-6.23113721176152,0.4245976775524906,14.989878,0.8151026,3.1297660717488593
109,282.753631528194,-6.331484520378528,0.4656865863197933,13.369654,0.6286955,1.7101226432690488
110,282.75389160274483,-6.296203978325141,0.3849129671319827,14.625517,0.69724846,2.5523297103054556
111,282.7568712783708,-6.369827925234074,0.4555898390960438,15.309971,1.03269,3.602841147780179
112,282.75750195338503,-6.229524894436804,0.4447588900108824,15.668636,1.0259752,3.9092591884350547
113,282.75835568779405,-6.290722871654297,0.4025459941108221,10.840669,1.8371277,-1.1352534541534194
114,282.758949126322,-6.280634625796618,0.4901011755379896,12.71703,0.6295109,1.168458720980306
115,282.75929506252294,-6.248552760953011,0.4242236596509601,13.087045,0.5517969,1.2250194308663716
116,282.7595874804942,-6.221185877619566,0.4203503567315779,16.092642,1.122076,4.2106991015932
117,282.7597556773441,-6.223665300249831,0.5232924231849027,14.7266655,0.747427,3.3203877329109233
118,282.7599799931237,-6.3013543982963744,0.4030681164416311,14.991228,0.867609,3.0181202294019904
119,282.76010486848486,-6.130713095837532,0.4646435104837099,15.671677,1.0964394,4.00727637943257
120,282.76142208339746,-6.290869644841734,0.3818776983754356,13.884833,0.6276531,1.794454481768451
121,282.7617164086602,-6.323573724628643,0.3984983692998913,12.798275,0.5300398,0.8004077427697176
122,282.76185277350856,-6.31321206941029,0.4117240299865903,14.622143,0.7650213,2.6951740751625923
123,282.76198233273044,-6.344133948477696,0.3948406525659775,14.899052,0.8482561,2.881161305045799
124,282.7620525323166,-6.206585077466434,0.4362646418751926,12.26996,0.6442404,0.46871007982347557
125,282.76374682152607,-6.13801150422281,0.4201904217872355,14.597529,0.84952545,2.714759742344425
126,282.7645871168074,-6.278905581158321,0.567335322377069,15.429073,0.97228813,4.198272118210378
127,282.7649474694477,-6.269800682498236,0.3875119132678136,11.404529,1.6265984,-0.6540457072471675
128,282.7661490452788,-6.359891318189098,0.3766788654178783,14.488609,0.8181925,2.368465268126986
129,282.76632347725297,-6.333014565114394,0.4508339260852164,16.166817,1.2005749,4.4368999503265485
130,282.76641654516334,-6.313419252543856,0.4819567405541924,15.485734,1.0479641,3.9007742930434652
131,282.7667379520014,-6.226690324053775,0.4017540417639292,12.7311325,0.4593544,0.7509337729384793
132,282.7669613787388,-6.316117763658716,0.4130017400584145,13.365503,0.5818701,1.4452624071461173
133,282.76778125264616,-6.204014921018171,0.4425126247782977,15.606259,1.0060625,3.8358873276363017
134,282.7681383820356,-6.318825262843557,0.4308175669051608,14.459121,0.77661896,2.6305880183296964
135,282.76895870135246,-6.236084325933369,0.4016590406979826,14.740455,0.8206024,2.7597427333931535
136,282.7690514724576,-6.286680942678098,0.486118997223553,12.7349415,0.5882578,1.168654466801927
137,282.76918604055123,-6.307938025019869,0.3691323353775994,14.489884,0.7784109,2.325794451675506
138,282.7692823573727,-6.247444755208114,0.4360553097548506,12.570388,0.6246128,0.7680958958596111
139,282.7698675079615,-6.311299298149477,0.4511189520287064,15.008951,0.89768696,3.28040636347119
140,282.77081382212424,-6.278271924472055,0.4770386206824695,12.367094,0.6965828,0.7598617030654662
141,282.7713561837274,-6.235446537270369,0.4662612724896406,13.139031,0.60523224,1.4821777229670339
142,282.77154139875694,-6.225587444446181,0.4366672790559951,15.232661,0.9268055,3.4334142499910385
143,282.7717983788013,-6.256124245620238,0.392938134320594,13.078786,0.57478046,1.0504068938851692
144,282.77243039058834,-6.360887446836346,0.4359166757156758,15.583728,1.1119432,3.78074541497573
145,282.7725454202773,-6.311936890646498,0.431738931333661,15.136473,0.89562416,3.3125790609909647
146,282.7727870601708,-6.22505811920839,0.4020172814005524,14.435985,0.7489662,2.45720861188485
147,282.7727600398866,-6.264850336721742,0.3938846491579642,12.325447,0.5520277,0.30229227703505757
148,282.77302099451083,-6.231408084509067,0.4284228902665643,15.539062,1.0933781,3.698425333801902
149,282.7734566545641,-6.233494080210893,0.4898705836537799,14.97907,0.8811703,3.429476805973138
150,282.77537332266826,-6.216072018112414,0.4242183267981482,14.140075,0.7339487,2.2780221334366537
151,282.77627582596097,-6.332800530127665,0.3995835109875559,12.847899,0.6964178,0.8559367927288388
152,282.77839020402166,-6.218654582466462,0.4428828049662249,14.986813,0.8896179,3.2182570951102836
153,282.7786360913826,-6.29825648253174,0.4738884945087985,12.902956,0.5558815,1.2813368231762823
154,282.7792447099082,-6.2714978276239215,0.4443538393605402,13.875585,0.6343374,2.11422968482473
155,282.7804697109009,-6.214953596099281,0.4053551803897299,12.641726,0.5006809,0.6809046380961608
156,282.7807517128495,-6.306290633789713,0.3885889365398507,13.153618,0.63222885,1.1010701585178477
157,282.780907788963,-6.24889290354607,0.3990440825565602,13.957848,0.6073208,1.9629523750948419
158,282.78129459493124,-6.226158742967012,0.4305410215575076,15.676309,1.1161289,3.846381684724424
159,282.781639585936,-6.270524440146414,0.3756362588193904,13.914242,0.71348,1.788079532522497
160,282.7818253634034,-6.238790033296083,0.4004031502432739,14.143951,0.7091007,2.156438428550496
161,282.7828805124511,-6.273038167474467,0.4330158922204234,13.374782,0.66174316,1.5573011789605822
162,282.7830703352516,-6.289367160397046,0.3562716206309544,11.499833,0.48760033,-0.7412608533620553
163,282.78400849741337,-6.247180114219855,0.4724030091514705,13.408706,0.62392044,1.780269276774666
164,282.784919393159,-6.241372798215098,0.4059525777211325,14.777956,0.81046295,2.8203325171849336
165,282.78549419159987,-6.16953309733224,0.4745261298803426,15.671879,1.0257483,4.053179659690091
166,282.7868401044982,-6.145500147770046,0.4242799610397008,15.570701,1.0074921,3.708963601498681
167,282.78678694171737,-6.263850554411116,0.3873476943587665,14.195624,0.65458775,2.136128876120077
168,282.7869382406391,-6.272751431003462,0.4515991898121894,15.019309,0.8546343,3.2930747705559362
169,282.7881239455526,-6.190424005055566,0.4405650854075273,13.971667,0.62739277,2.191717382643059
170,282.78828236306487,-6.224433678065736,0.4277275091668398,15.429033,1.0543804,3.584868913373903
171,282.7888745138734,-6.254238934129817,0.422572782859561,11.637261,0.6093874,-0.23323139248286928
172,282.78920289887867,-6.245109747604656,0.4658729876292264,14.965871,0.90168476,3.3072086490036305
173,282.7897162427116,-6.255680317288596,0.4172281170476018,14.105042,0.68348026,2.206909839462286
174,282.7903036236274,-6.314508951518892,0.422777538232515,13.565604,0.6091852,1.696163527982936
175,282.7909655088532,-6.32606640796501,0.4354731845521716,14.224114,0.7254982,2.418921086505147
176,282.7917220464749,-6.372367354189523,0.5083310177865709,15.829704,1.1689739,4.360437053358609
177,282.79177736023735,-6.261215330718534,0.431553940724628,14.592995,0.7998953,2.7681704335696455
178,282.792234646023,-6.263542392297514,0.3776527924620729,10.932601,1.7319775,-1.1819354983480945
179,282.79274342210647,-6.187968030173746,0.4066078045399959,14.310675,0.6582575,2.356553551737896
180,282.79338935772967,-6.196038967932897,0.4473878640018928,14.909325,0.88906956,3.162745995489514
181,282.79416368638925,-6.322409172631732,0.3895233317033134,14.870129,0.93083954,2.8227963809867926
182,282.79516224981427,-6.1959405144104105,0.4543157497782045,15.978632,1.1253223,4.265420963879448
183,282.795558910288,-6.10822266929389,0.3619058097838027,15.193221,1.0280457,2.986198775126434
184,282.79560385904944,-6.251233163494242,0.3991174786212607,13.149983,0.599596,1.1554867366719126
185,282.7969826339306,-6.264453086116126,0.4506403082366626,13.250606,0.61000824,1.5197561764178023
186,282.79727262256085,-6.254504285244021,0.3950628870074971,15.648362,1.083993,3.6316931655559994
187,282.79852394738344,-6.2451850266276665,0.4197667344845198,15.912897,1.154191,4.027937094025594
188,282.7985234346576,-6.3031985165681865,0.4214465693496486,13.426559,0.65002346,1.5502716147624955
189,282.79926960610936,-6.262483024742864,0.4689459504740025,14.828985,0.8216915,3.1845989495713525
190,282.8003063659122,-6.24704049959869,0.4620533869791963,15.433035,1.014905,3.75649579045324
191,282.80097258165625,-6.191424090035421,0.5051418489313495,12.460454,0.6411581,0.9775207476012024
192,282.8009872203128,-6.235299952915867,0.4205564549921122,14.830378,0.8464365,2.9494995160779425
193,282.8030117172037,-6.429686229043874,0.4873001509849798,15.611353,1.2177744,4.050335729715146
194,282.80364595627293,-6.241890159561569,0.3976479185627777,15.306738,1.1586237,3.304231567678741
195,282.8039657623334,-6.281965853418138,0.4311081247656628,15.821995,1.104557,3.9949260387375904
196,282.80452231346453,-6.237413109343818,0.4036129655925413,13.045242,0.7220869,1.0750675449459148
197,282.8050040292656,-6.344082806593733,0.413607792962566,15.992963,1.0894995,4.075906564461782
198,282.8052774184388,-6.320363635354503,0.4330618888587051,12.907927,0.5630026,1.0906768289858704
199,282.8054905892833,-6.243779951612503,0.4576641848356023,15.71382,1.0891018,4.016554637110678
200,282.80629283885577,-6.306516313848722,0.4373262887483648,14.440478,0.744504,2.6445059231431127
201,282.80646568118624,-6.210492197530055,0.4359477672384674,16.175793,1.2659779,4.372965288556102
202,282.8070951675512,-6.241864223091051,0.4267205163220205,14.455218,0.76943684,2.6059356191623184
203,282.8074167816839,-6.253116213551558,0.4254351463193912,13.820786,0.6718073,1.9649528263062823
204,282.80884587470564,-6.320079599073233,0.4022020785699612,14.7315645,0.8168745,2.75378605344598
205,282.80947081407345,-6.264071654806804,0.5327984822455082,16.087135,1.1664352,4.719949895062918
206,282.8095544194784,-6.254228171762007,0.4507583437077597,16.093534,1.2204952,4.363252872121404
207,282.8100838056858,-6.245110916999713,0.4661554440345992,13.076516,0.60135937,1.4191698026510888
208,282.8108125244628,-6.274188094439358,0.4504725390879389,15.983967,1.133151,4.252308607140577
209,282.81080507464355,-6.3411040408042485,0.4532249253720977,14.168152,0.8075905,2.449720930646709
210,282.8113563636538,-6.271012095868011,0.3912330123429479,14.081094,0.63818073,2.0432714677132573
211,282.8120804309604,-6.266650826322685,0.3848137621236226,13.907747,0.6802912,1.8339999767492614
212,282.81257375576024,-6.1868560930985135,0.3886518068593569,14.114933,0.6972437,2.062736455501806
213,282.81368446727555,-6.240549910744603,0.4596753554486772,14.399601,0.771389,2.711857102832983
214,282.8154587517107,-6.304101588054212,0.4260936981094421,11.251473,1.7058067,-0.6010014446576015
215,282.8164087863366,-6.262128576017297,0.430753100817013,14.66062,0.8231926,2.8317620622064954
216,282.81667844647046,-6.311519347007556,0.4095433229208216,14.73059,0.8519926,2.792089248556234
217,282.8172065845872,-6.273902743974542,0.3806980216437122,14.404018,0.7637863,2.306921099708145
218,282.817746634619,-6.253432233160502,0.4519591195158454,15.875423,1.2175951,4.1509187695037095
219,282.817960099538,-6.210687131748173,0.4253063146374445,13.6881695,0.64182186,1.831678654245387
220,282.8179799761755,-6.240629781336773,0.436889888180349,15.273678,0.9915514,3.475537965384685
221,282.82069398054165,-6.259497204671673,0.4315479427196845,14.4804,0.74610996,2.655545252886469
222,282.82209420393696,-6.260960565921546,0.4425270231775368,15.245954,0.9429436,3.4756529814804846
223,282.8247017752333,-6.2118787365836425,0.4988065978841522,15.261952,0.964344,3.751612947024995
224,282.82619734251915,-6.251084825583134,0.5066094901287013,15.846429,1.2093058,4.369795605045287
225,282.8263581911472,-6.2257930989594685,0.4215834404485521,13.669353,0.5618944,1.7937707185288776
226,282.8265025299043,-6.329390552634286,0.4213702446900964,15.660443,1.214531,3.7837623219613192
227,282.8300864570612,-6.282311586246357,0.4434345083126596,16.036884,1.0767078,4.271031435622316
228,282.8314872668718,-6.286763642331628,0.3978082503135499,14.179428,0.67981243,2.1777969294937822
229,282.8321927765372,-6.356880644410271,0.4195073026506254,12.884529,0.5124035,0.9982266264584645
230,282.83249953184907,-6.293854313955685,0.4368201742833745,16.01033,1.1399326,4.211843438978121
231,282.8331783362439,-6.207580743205245,0.4120587627149517,14.481189,0.7464123,2.5559847707368206
232,282.8331774927222,-6.297419353389187,0.4209783343760064,15.299047,0.9716568,3.4203457273604467
233,282.83383020593016,-6.2764503775688985,0.4108135116951372,13.219365,0.51825047,1.2875885957330375
234,282.8395453616937,-6.300219332809686,0.4345989484850065,13.727843,0.57807255,1.9182863560372105
235,282.83980983302826,-6.310877841119908,0.4075892797133491,14.2335825,0.78617764,2.2846962640300923
236,282.8398504275184,-6.22326485606017,0.4297297409333778,13.794335,0.6188297,1.960312057880568
237,282.84159887259415,-6.262897347530282,0.4421045990681494,14.420559,0.70129967,2.6481841637572607
238,282.8421890386349,-6.224567151692137,0.4614093789046707,15.471475,0.9978266,3.7919070901228924
239,282.8426270032629,-6.113419022312364,0.4223127065610298,13.307384,0.6987505,1.4355547434532117
240,282.84636217694964,-6.308094992847143,0.4347898446384226,14.341087,0.6704254,2.532483958706502
241,282.84681852452144,-6.41884369238397,0.3985087105465358,15.668233,1.0922823,3.670422092913494
242,282.84889646812474,-6.229605020662852,0.4251806543174324,15.403912,1.0801105,3.546779479699337
243,282.8498895964016,-6.200421680517324,0.49669195496783,15.723692,1.1348276,4.204127628430175
244,282.850230283584,-6.211837836031033,0.4281851172109859,13.552758,0.62413406,1.7109158404171367
245,282.8507588331219,-6.36402991003026,0.4680721899884378,15.000753,0.9106569,3.352317193744998
246,282.8513436687541,-6.185921706518755,0.5113432530938941,14.963287,0.95276356,3.5068496501720308
247,282.8531603537655,-6.120319453315539,0.4077147416297015,13.521981,0.7745123,1.573763072010486
248,282.8531399391852,-6.296477587287871,0.4529027658866182,15.236818,0.92449474,3.5168428646824808
249,282.8532570008697,-6.280131562178106,0.4622213153200775,15.614722,1.0546818,3.938971845400008
250,282.8585410849914,-6.180709318122621,0.446188596472819,15.581753,1.2429256,3.8293453327398215
251,282.8590966410326,-6.243737510194167,0.4066307171167592,14.92663,0.90281487,2.9726309119728356
252,282.8599226641565,-6.219174537711451,0.4157447791593734,13.7666645,0.59697914,1.8607985207083946
253,282.8628295202964,-6.267301285972016,0.4365184921344031,15.597909,1.0290384,3.7979222317522616
254,282.866405205873,-6.382251205415298,0.4346128720352177,15.0471325,0.8485575,3.237645423901835
255,282.8686797902248,-6.288514833189815,0.4261853408078439,14.9261055,0.8685503,3.074098037593034
256,282.87114734301787,-6.387529785887066,0.4495344803388726,13.100471,0.5035,1.364286043712175
257,282.87153212851126,-6.252515494493903,0.3837461091235258,15.513361,1.0909748,3.4335809255565195
258,282.8737637088413,-6.142355207406339,0.4053008543791213,15.312996,0.9710722,3.351883596203491
259,282.87414724724823,-6.270090509241834,0.4058798797703855,13.896107,0.68740845,1.9380946152797662
260,282.87504824424894,-6.157705699722403,0.4528170107119444,14.85172,0.8526869,3.131333666868006
261,282.875609021074,-6.280154927078131,0.450950593543323,15.046955,0.89028645,3.317599814413292
262,282.8757234848806,-6.296314425105887,0.5575863533739712,17.307634,1.3160973,6.039194680481096
263,282.8763423615927,-6.186046211443838,0.4326767236344285,13.777913,0.70350075,1.9587306621615337
264,282.8803622872296,-6.290359890589333,0.4241592773003106,14.440121,0.7281332,2.5777658521059426
265,282.88127832422026,-6.368441520583206,0.4277175138823068,10.7749,0.51026344,-1.0693148309381346
266,282.881669012378,-6.338394983776466,0.4178792287250106,14.761948,0.808465,2.8672019223093805
267,282.8816164906385,-6.349565523267814,0.4611612728058095,16.096827,1.1018867,4.416091145835271
268,282.8818830835794,-6.228396543969604,0.4244587338114478,13.95288,0.7281399,2.092057371025554
269,282.8820969552644,-6.280065742228191,0.396706167237262,15.713917,1.1008673,3.7062617605796273
270,282.8847811446862,-6.335447090311808,0.4809911027908637,13.572471,0.57037544,1.9831562150856925
271,282.88491229019115,-6.221542767952084,0.4085671436759494,15.720592,1.0511456,3.776909192123682
272,282.88582286346104,-6.209127815000682,0.5053370925890134,15.794569,1.2720833,4.312474886753154
273,282.8989112183256,-6.292274392417658,0.4038756863011047,14.209735,0.67854404,2.240973545088634
274,282.9062430630228,-6.269874531953168,0.431001649832004,14.622485,0.75032806,2.794879663002776
275,282.90664671223,-6.29855397748589,0.4312633724372809,14.78552,0.815259,2.9592328735739617
276,282.9108537253994,-6.3413200745186735,0.4386310623971733,13.421953,0.5255728,1.6324499186273709
277,282.91667478731733,-6.177944758041872,0.4325192353564079,14.370812,0.67961216,2.5508391326849065
278,282.9180762949132,-6.286937343338856,0.436345847708278,10.977628,1.7313366,-0.8232177622420274
279,282.7472555026574,-6.528719955927034,0.4161187140583726,15.295374,0.9915037,3.391460238536064
280,282.7482407798624,-6.532628909841159,0.4290888325894013,17.185772,1.3007679,5.348508058937984
281,282.8111489742906,-6.522484848820501,0.4508810981415357,15.9694,1.1756191,4.239710145873119
282,282.7934466671071,-6.529489085726496,0.4537159991527704,16.944874,1.414814,5.228794469189392
283,282.7824325708259,-6.474598536263276,0.432796241646333,16.45149,1.2059965,4.632907403753357
284,282.79593413686,-6.474048402385447,0.4112497723742439,15.42664,1.054636,3.497168352885753
285,282.8468594813284,-6.487597762475724,0.4799166685823468,15.174705,0.93003273,3.580534171079261
286,282.82153272707325,-6.472972429642013,0.4427320976010204,16.225142,1.2640171,4.455847045016025
287,282.82810527200235,-6.464916248697375,0.5268956514050435,16.885357,1.6867638,5.493980071260342
288,282.8098839591322,-6.454108515827383,0.5906515863697075,17.852,1.6033897,6.708656873637427
289,282.8139171808993,-6.451427051923312,0.4919066745137501,16.244167,1.3569384,4.703580576964427
290,282.9024012420831,-6.486528176224326,0.3845310488548917,15.260728,1.2040586,3.185385062715067
291,282.95432576900856,-6.461041627618538,0.4626206448137291,15.413652,1.0206385,3.73977704801632
292,282.88860330359745,-6.477235479209891,0.5792643817882233,17.734865,1.4543476,6.549249125592141
293,282.9226129691973,-6.460159625805285,0.4421906772313118,16.175356,1.1200533,4.40340391023566
294,282.87632507798816,-6.464807975833332,0.3997779915890075,14.35361,0.7398157,2.3627044092088916
295,282.9016062816088,-6.425792799386963,0.405380143515184,14.965137,0.8041563,3.004449360500006
296,282.8766086174563,-6.402548691179797,0.5265646807719235,16.776129,1.2045403,5.38338762762659
297,282.91959653028624,-6.36439046502638,0.5278220626077925,17.054869,1.3027802,5.667306697405795
298,282.9142418624045,-6.364932379298651,0.6207071081462155,17.002142,1.3256397,5.966575594101158
299,282.9622547710409,-6.36328702810653,0.3782210506573566,13.503611,0.6011925,1.3923394835962988
300,282.99656636350227,-6.315902669398375,0.4674920924290822,16.666872,1.2775469,5.015743346166111
301,282.99704753225336,-6.305261169583405,0.4138086540268821,14.7088375,0.7927389,2.792835344369953
302,282.719374815276,-6.492842022585378,0.4354642235640978,17.142118,1.310152,5.336880402379322
303,282.6919548227694,-6.478567276356632,0.4332548880631772,16.246826,1.2686243,4.430543356028327
304,282.6206436991852,-6.49835331736521,0.4333835493461775,16.137228,1.1475077,4.3215901103253955
305,282.6562507616339,-6.504271362433683,0.4994121230462994,14.368208,0.73489285,2.860503402413535
306,282.66714462046104,-6.459858033540942,0.378525989264877,12.845808,0.6227884,0.7362865157040819
307,282.6664527291564,-6.45298162859751,0.3997587640426014,14.7256775,0.86276627,2.7346674685156103
308,282.6419406634843,-6.44673950046601,0.4816376199414986,15.701648,1.1068344,4.115250008098021
309,282.75668469287507,-6.471342619538608,0.7632145226694147,17.627972,1.3730774,7.041205128286155
310,282.75191247554375,-6.457549699571106,0.4343645655664041,16.847843,1.3245564,5.037114946547355
311,282.74532061513474,-6.455511310955913,0.4669481608824778,16.656343,1.3403864,5.00268634616754
312,282.742288768871,-6.4346818040393,0.5083361199542812,16.60686,1.2091608,5.137614848528337
313,282.78678225260444,-6.459201619902173,0.3688157101994986,15.61449,1.2325487,3.4485370606557275
314,282.785438777239,-6.437203325293016,0.4098176314660198,14.125017,0.6885052,2.1879701949681483
315,282.81579729035747,-6.427443243029684,0.3945507172351957,13.955167,0.6990833,1.9356811860117347
316,282.76500704499165,-6.435270267770479,0.3903992803743,13.490924,0.62557983,1.4484690422868134
317,282.76585903830346,-6.419924686195548,0.5010157756415203,15.367131,1.1332788,3.8663880042483605
318,282.800442949251,-6.410075906943751,0.4081680964904986,14.999108,0.9330969,3.053303280444993
319,282.790973384426,-6.4085334113108505,0.4387974666449509,15.045172,0.91959095,3.2564925577620656
320,282.78957984731846,-6.393827301920809,0.3835130296828481,15.431164,1.0235939,3.350064617477601
321,282.68421124072967,-6.449094559546785,0.4525465616175678,16.339249,1.2132425,4.617565347686991
322,282.71766331969945,-6.438698571493381,0.3809109952029971,16.004457,1.1788721,3.908574544941242
323,282.7199832660963,-6.430103946114229,0.4341613640117688,15.967705,1.1274567,4.155960865017752
324,282.717159930455,-6.406980805650924,0.5107134351664302,16.836628,1.2734509,5.377514414222837
325,282.70933633895265,-6.415253506696556,0.3706065059420369,13.933229,0.5738163,1.7777941951238603
326,282.698039168599,-6.403462813285725,0.3975042045520202,15.0658655,0.91389275,3.062574133567276
327,282.75294706812394,-6.407388666046313,0.5607813170201597,17.537012,1.4223595,6.280979681264032
328,282.7277860809557,-6.409759623268859,0.4950924771690117,15.802653,1.0864944,4.276084636819931
329,282.7336816407949,-6.41348650413798,0.4364555009149617,13.634149,0.62196255,1.833848857708169
330,282.7333596105555,-6.39743833880905,0.4108797637433753,15.370578,0.98813343,3.4391517616634086
331,282.75961698546246,-6.377773645353891,0.4050037798746042,13.17553,0.6227913,1.2128253823822615
332,282.57268947747866,-6.440445014096262,0.4942308455227295,16.472633,1.1737795,4.942282233681908
333,282.5923890568509,-6.447068106379402,0.5149463801465937,16.508694,1.1898346,5.067504047935991
334,282.6448832441954,-6.435309345513176,0.4236091647754231,15.362269,1.0700283,3.4970957374456244
335,282.62136648899457,-6.433722577641412,0.4158135493894598,13.733003,0.51200676,1.8274961841066606
336,282.6244558731046,-6.426746352352107,0.4462302482615077,14.656154,0.7019892,2.9039490306334024
337,282.6157092729632,-6.432020964675558,0.4659576127042054,15.4077015,0.8879051,3.7494335576352196
338,282.6061827076462,-6.422156871594146,0.5963431996690448,17.911062,1.4967461,6.788543355954957
339,282.6134501867612,-6.397888281505956,0.5167068163284296,15.335715,0.86808205,3.9019359536959684
340,282.56063654832826,-6.43449623198492,0.4080380148019706,14.174785,0.5811138,2.22828812978328
341,282.57231310482126,-6.40672455506968,0.4875381621741503,17.658075,1.3606796,6.0981180793828464
342,282.5956336134652,-6.379447164093995,0.5674407790846053,17.712645,1.2792511,6.482247715591704
343,282.576365210689,-6.363293572607518,0.4066355959631318,17.131088,1.3295498,5.177114965628611
344,282.65920133863494,-6.425957257430031,0.4156117673893093,16.526638,1.196001,4.620077177100079
345,282.6630739091827,-6.419802853467307,0.3769233967561915,15.628251,1.000845,3.5095164811819277
346,282.68350076235373,-6.379052534216734,0.39316766693364,14.943655,0.84869385,2.9165439770100683
347,282.6350313431171,-6.408008245457865,0.4110367082499511,15.83213,1.025177,3.90153304464193
348,282.64076400906185,-6.384413353803018,0.4753136161464283,15.058936,1.0288,3.443837277791463
349,282.6663545426289,-6.37430537375748,0.3761601122672813,15.492651,0.9950781,3.369514706993611
350,282.66246519294566,-6.364456102229215,0.3832276757015919,13.341321,0.48005772,1.2586053257599445
351,282.69944123399205,-6.379007886737369,0.4175730443361948,14.288824,0.7411709,2.3924862790671657
352,282.7101911198528,-6.371080410829633,0.5013220293195567,16.741505,1.4052839,5.242088944985447
353,282.6821467747312,-6.3726158150830186,0.3722580023770797,15.352845,0.97160435,3.207065212454884
354,282.7306055615265,-6.349466674777233,0.4539260052082564,16.049454,1.2829885,4.334379319915268
355,282.70773579951504,-6.350910581324197,0.6094975097325862,17.669468,1.4048309,6.5943276776505435
356,282.708850598642,-6.3615621505417534,0.4147295026517483,15.942879,1.1869249,4.031703654552318
357,282.7067271759615,-6.349748873485449,0.4254690907026616,14.396482,0.70497894,2.54082207562991
358,282.67703398295083,-6.358780099847646,0.3948805281659661,14.285892,0.9831772,2.26822059450485
359,282.66671182183,-6.355920365203283,0.3964919730113524,14.486202,0.6492529,2.4773739972067848
360,282.69863821411684,-6.352307124783039,0.4595310241939631,15.487776,0.9760046,3.799350185590111
361,282.69094626529943,-6.346088558892526,0.3986921857450192,15.153679,0.9229355,3.1568676184790654
362,282.7057689984373,-6.33451770149677,0.480591171868875,16.883497,1.3206902,5.292375944242785
363,282.700837790818,-6.335370244595777,0.4251213174456621,15.41474,1.0126953,3.557304414707362
364,282.7204658027369,-6.336868670086079,0.4645457683202689,15.631623,1.09233,3.9667655415917
365,282.7143974903616,-6.332372397178785,0.5324924341659385,15.871184,1.1585569,4.502751207752688
366,282.6889609993979,-6.330816947813583,0.4798902267663226,15.909876,1.1829834,4.315585526858644
367,282.7006574155211,-6.330854882779723,0.6063398938454171,17.685726,1.3999786,6.599306716871244
368,282.7005129097645,-6.321259330894717,0.6124839281030432,17.600498,1.4909859,6.53597148536457
369,282.61630129613053,-6.37062832093694,0.4364529228767848,15.913817,1.0241346,4.11350403130251
370,282.6066744728091,-6.344596252657192,0.3969595390973441,15.445524,0.94737434,3.4392552133841665
371,282.60531282383545,-6.336612139590411,0.3982018234677695,12.957487,0.5063133,0.9580032222060382
372,282.65556186462857,-6.337291587920644,0.3746100627932053,13.9786,0.65426636,1.8464971961739955
373,282.6501173534326,-6.333578506951614,0.4076331037556944,15.463052,0.9652128,3.5143992284217678
374,282.64410675191886,-6.33183360189888,0.3766361711344768,14.3153515,0.6178169,2.194961630842977
375,282.6816947387547,-6.329905441688325,0.4689827875884023,13.800824,1.0202131,2.1566085185588673
376,282.68012705197225,-6.3179485397207165,0.4630890329864426,16.891169,1.3434181,5.219491480116641
377,282.64042151604264,-6.306769598988907,0.3843149173210549,15.367792,0.94537735,3.2912282104362927
378,282.6366913933637,-6.303472741422072,0.4101303218572789,14.691687,0.75396824,2.7562963942122654
379,282.6417419340732,-6.310036590581282,0.4570987421131146,15.891669,1.0520077,4.191719130794883
380,282.6498502895788,-6.28849166371435,0.4140921543458002,14.255155,0.7260418,2.3406400107996905
381,282.6559911308455,-6.282409155808088,0.4639141178307453,14.191515,0.68507004,2.5237029458304274
382,282.8264749226552,-6.394413924558148,0.4851626638116657,16.260326,1.3376904,4.689762859525128
383,282.79828870849525,-6.399546049173649,0.5960346782481896,17.467134,1.4115524,6.343491642104691
384,282.8137436554604,-6.383174174907994,0.40441453703665,14.458274,0.8337631,2.492407791485636
385,282.80368516472726,-6.381821444376162,0.3962634151684602,14.728816,1.065589,2.7187358907664585
386,282.8332349653091,-6.373123098998371,0.6150911894296552,17.562374,1.3841534,6.507071531156068
387,282.8340567168357,-6.361256791257621,0.4458807585049784,14.131087,0.7104254,2.37718065626008
388,282.8646265577295,-6.37505239821061,0.4332116173802102,14.76339,0.81979275,2.9468904726434726
389,282.852678766694,-6.371526666638474,0.432605129344888,14.174474,0.6697731,2.354932322544652
390,282.8415977994468,-6.361956628791617,0.4062535012776171,14.228485,0.66861916,2.2724705847530657
391,282.84869722466783,-6.354817110092179,0.4250694748737747,15.14876,1.091095,3.291059592468283
392,282.8517979372378,-6.350450485722482,0.4725794230206274,14.830322,0.8072481,3.202696038627879
393,282.8705658400607,-6.348125820607805,0.4877589837462939,13.930986,0.7552643,2.3720123857762587
394,282.8588636494993,-6.336033315256675,0.9239474454216292,17.668102,1.3421707,7.496338345210397
395,282.8047633756589,-6.375182379676684,0.3887191017594495,15.6285,1.0774355,3.576679412506623
396,282.77649981337737,-6.369330241110643,0.456964679208915,15.078804,0.95690536,3.3782171642717618
397,282.7882066856733,-6.366937768539675,0.3943344201889524,14.888091,1.0541859,2.867414434512778
398,282.7952468525544,-6.364250950862389,0.4251408471363403,15.618589,1.1518755,3.7612531679040764
399,282.81374614693533,-6.364965932344944,0.3831117141910997,15.155884,0.9100075,3.0725111568192816
400,282.8247139676804,-6.3566665998493175,0.4336954799481647,14.012431,0.78014946,2.1983554793880415
401,282.79627075028674,-6.34901355205135,0.4482446873449046,16.94836,1.2715931,5.2059357547465055
402,282.8042124857168,-6.356691137730506,0.3877201634237822,13.175859,0.5405512,1.1184509356006647
403,282.80393670394966,-6.352858663038474,0.3977144443125047,15.936662,1.116642,3.9345188205484636
404,282.81714943036985,-6.341949627065532,0.402703089204262,14.121825,0.6694441,2.1467498058372367
405,282.80576053929946,-6.347498117369317,0.3947637095391928,13.994977,0.56322765,1.9766631066231088
406,282.8025401317961,-6.342530674380317,0.5741316209077909,16.960196,1.2409058,5.755253333777091
407,282.7681416536035,-6.34963482929933,0.397396734456861,13.793204,0.65761185,1.7893254702203585
408,282.79904959310875,-6.331320086740235,0.4585399417963167,15.254448,0.9964771,3.561333857568034
409,282.8025327834021,-6.333814617327891,0.4353410843238668,14.49958,0.77523994,2.6937282732231242
410,282.77584422780706,-6.328417746866973,0.4417810997835606,15.276205,1.1373606,3.502240660039165
411,282.77702919995744,-6.3274827481108575,0.4010891473516243,15.08115,0.9845524,3.0973545551205444
412,282.847007042823,-6.330841679273072,0.5749424982778601,17.469221,1.4582729,6.2673430588448475
413,282.8345676711173,-6.321859215566104,0.4954099292305553,16.509293,1.2757273,4.984116533320407
414,282.8458538488462,-6.326672754112205,0.3802934937411318,15.348892,1.0029058,3.249486476696415
415,282.85958930404064,-6.326114818224212,0.44072987669955,14.448299,0.663044,2.669161459787519
416,282.8380668913066,-6.320268952012947,0.4797288672907834,13.923874,0.66307545,2.3288532628307177
417,282.8560347571144,-6.30560752522443,0.5004404788261868,15.621239,1.0459194,4.118001154785638
418,282.8579903595585,-6.30254814250905,0.5083707987437114,14.755562,0.86448,3.2864649817476295
419,282.8078807557094,-6.330067109580764,0.3709992065156351,12.968124,0.63877106,0.8149889037861513
420,282.8031328621425,-6.322475807381949,0.5409467142296257,15.901691,1.0596695,4.567463435923017
421,282.80794160436244,-6.301667513528807,0.4669178837867541,14.527339,0.804409,2.873541542508592
422,282.8106842726013,-6.298938303043848,0.671057311215209,16.806257,1.2763405,5.940055061959946
423,282.84015657055,-6.30107224667678,0.4079723662945838,15.48358,0.944437,3.5367337373585563
424,282.84282790026714,-6.296202122291938,0.6823487498125785,17.338575,1.3421154,6.508607000898131
425,282.8258579566527,-6.30051218712048,0.4351014015202352,16.148628,1.1625214,4.341580411080042
426,282.9079660030787,-6.336302444088221,0.4269718374666363,13.629165,0.56112385,1.781161152218882
427,282.93777068572604,-6.312927904979116,0.4106547528766265,14.551013,0.6941242,2.6183972683644168
428,282.9060073700654,-6.305013940489075,0.5509253811789174,17.09013,1.306593,5.795593904088708
429,282.94684328816004,-6.299916155663118,0.4642830315606373,14.919119,1.1556215,3.2530330576347115
430,282.9496221306843,-6.294187666231895,0.4246418219255697,14.978042,0.8175621,3.118155822643212
431,282.9808111900005,-6.277143979287198,0.429027425704565,14.793951,0.88004875,2.95637627737403
432,282.87565023859094,-6.282878890755667,0.5612337966125005,16.299732,1.1292572,5.045451078356571
433,282.87743420680255,-6.292799034486395,0.4045253678067627,15.090263,0.91886616,3.124991807158594
434,282.8803196510992,-6.281223987717722,0.4270201036506091,14.189692,0.6902523,2.3419336081345072
435,282.88656365284766,-6.261409903827362,0.4907501333261508,17.191154,1.3759136,5.645456131302183
436,282.8608024339408,-6.262855507820161,0.5092145164351497,14.412616,0.73530483,2.947119879050078
437,282.8718253805204,-6.2556871911277305,0.4357180876296928,15.872974,1.2105951,4.069001944213049
438,282.87131675251555,-6.249649215691424,0.3949563573444307,14.841138,0.87705326,2.823883543807675
439,282.87173270144706,-6.251107509814696,0.4657122044729517,17.184322,1.8889713,5.524910096103497
440,282.9030302735019,-6.254967520318046,0.4255071761977047,12.585504,0.56352425,0.7300384443919121
441,282.9123618724632,-6.236637775515813,0.4850257598804743,16.113611,1.189806,4.542435023700559
442,282.89695255446674,-6.224685477530903,0.3817636830448053,15.115358,0.9535408,3.0243310592167454
443,282.91191421423736,-6.234681935078515,0.4004262339736837,15.162868,0.89447784,3.1754806129772817
444,282.9214462902132,-6.210788891685823,0.5918100641517411,16.592,1.3635559,5.452911731872323
445,282.7358856694628,-6.3457003062048445,0.3794774987732975,13.433655,0.7210922,1.3295851468978288
446,282.7513393524118,-6.347114003160399,0.490999612764889,14.996394,0.9735489,3.451799748047245
447,282.7466023835861,-6.3360447673266735,0.4299624205347309,14.082947,0.68589497,2.2500994957165297
448,282.7450728947554,-6.327220665739738,0.3983160632301639,12.851411,0.6004696,0.8525501046245072
449,282.76901701458775,-6.321398677002862,0.6372368048768781,17.946024,1.499052,6.967528256967881
450,282.76603809274843,-6.327369734638684,0.500853705370001,15.299367,0.94840145,3.7979214553979403
451,282.76138106940937,-6.325124842987045,0.4011811956818364,14.871315,0.82642937,2.888017842043425
452,282.7762774619072,-6.31685433535132,0.4289161804651636,16.026272,1.1786785,4.18813414952351
453,282.77420986953325,-6.3112864062545695,0.4304735916736613,16.585417,1.2959518,4.755149569399087
454,282.77851655559664,-6.318980827225049,0.5157339205513833,15.551964,1.0633745,4.1140924825505625
455,282.75929293572153,-6.319880282569557,0.4277419448310919,16.448158,1.2349672,4.60406719862446
456,282.7617465185524,-6.306395857510732,0.4299404677248252,14.862346,0.7937813,3.0293876229152286
457,282.7638523851436,-6.306465717677085,0.4344217973680009,14.673063,0.7655611,2.8626210405368457
458,282.7641970554837,-6.308187723128101,0.5126935299503361,15.860422,1.075943,4.409711183997427
459,282.7585348221225,-6.307881758072362,0.4026341920517305,14.213195,0.7130661,2.2377482639512163
460,282.7306980390871,-6.317900821401746,0.3792030890294726,13.889123,0.6532793,1.7834823324518485
461,282.7280846294205,-6.316873572532473,0.3756225469816633,15.704986,1.0467129,3.5787442658913964
462,282.7329470410346,-6.323888102633124,0.3988680790358788,15.887716,1.1421032,3.8918624080059008
463,282.74049909254563,-6.319795023778465,0.3917619450525003,16.121122,1.1901302,4.086233236185571
464,282.7360402371288,-6.322609541694629,0.4205926046492986,15.9477215,1.1104336,4.06702966072158
465,282.71350567720305,-6.312279539476578,0.4021889976613506,14.792916,1.0414991,2.8150669290122163
466,282.7048578141372,-6.319618577988092,0.6952126304382972,17.644352,1.4159088,6.854940268295028
467,282.7201264760674,-6.313641603368187,0.4495643555972576,14.972697,0.8849144,3.236656351093611
468,282.721947273012,-6.307804686459955,0.447250266645985,16.226683,1.1647234,4.479436040806842
469,282.7146204611069,-6.310140283656439,0.473632456159555,17.10633,1.2653961,5.483537276091546
470,282.72260718746264,-6.3088217375194855,0.4040612579649192,14.103079,0.6780205,2.135315057971061
471,282.75129506343313,-6.3069220662464405,0.4377227225527543,12.733904,0.7191334,0.9398994589410155
472,282.7518395411608,-6.304834757886382,0.4439077417409113,13.023083,0.66067886,1.2595465958864622
473,282.74432264605406,-6.306137569555178,0.4373984661711096,16.040487,1.1326036,4.244873278800828
474,282.75326744053206,-6.290426055765108,0.3841391163705814,14.23805,0.6991701,2.1604926652053695
475,282.75959123302425,-6.295995171833535,0.4381193113563248,15.694122,1.1134491,3.9020839818307422
476,282.7520534704188,-6.301160228354466,0.3766990984795106,13.3343525,0.62319183,1.2143254042305376
477,282.74111625699487,-6.299615742199088,0.4712914477974389,14.188827,0.75784206,2.555274794935677
478,282.7325161468103,-6.300772650745191,0.4061871633221415,14.872727,0.8326988,2.9163579716801014
479,282.73465920479856,-6.2910705140862495,0.4022240290996536,14.746918,0.7489004,2.769258060215364
480,282.7344192337415,-6.289190625496405,0.4306571033357345,15.864569,1.0818787,4.0352270747128784
481,282.7383922551596,-6.291928820113784,0.4137393160537749,14.007854,0.67056274,2.091487960942457
482,282.73975489763217,-6.28679309101897,0.5245821456681027,16.829462,1.2488155,5.428529525726734
483,282.7808767506644,-6.308428929947344,0.3987156444671008,15.439588,1.1750135,3.442904382380668
484,282.7836777952917,-6.311672101895608,0.4724390828890423,15.013876,0.90530396,3.385605088875
485,282.7842138500632,-6.309832051904907,0.4274347711061873,14.019191,0.72033787,2.173540241986693
486,282.8030394551252,-6.300176707656785,0.6807213868304614,17.223139,1.4576626,6.387985977178609
487,282.80102583173226,-6.294711416812962,0.4818928603220361,16.20707,1.18888,4.621822459419384
488,282.7835708090972,-6.295907431489967,0.4597588544525932,13.063155,0.5446491,1.3758055101364572
489,282.77490324515475,-6.301789533855685,0.5062085206604948,17.088078,1.2843704,5.60972525532306
490,282.7848983508359,-6.300761096549348,0.4954856758774963,14.620908,1.2382488,3.09606351936095
491,282.7896410695936,-6.295591913175091,0.4546388573196402,13.740908,0.51802826,2.0292407574541915
492,282.8097261986932,-6.29228953626705,0.4465500266734327,14.358061,0.6627426,2.6074115982189383
493,282.8070359180086,-6.291057405568136,0.493059228671189,16.266878,1.133791,4.731373459875389
494,282.8059488970867,-6.284484476607997,0.4164706976316786,14.462883,0.6933031,2.560805251948773
495,282.81115184354474,-6.278432694018876,0.4180977944219597,14.507819,0.7896452,2.6142083826827243
496,282.8190800130764,-6.276098521580537,0.4605628131172519,14.420123,0.691247,2.736567345627435
497,282.791377934741,-6.2793579708292935,0.4751265131995346,16.134773,1.1723423,4.518819328848078
498,282.79309111897334,-6.2771774701422265,0.4357448657090068,13.615759,0.6333895,1.811920393053775
499,282.8056536897897,-6.282208773331693,0.5227163720138315,15.288994,0.9984083,3.880324514300815
500,282.8076935841057,-6.2792247375934425,0.4124579686721495,15.375306,0.95998955,3.452204492868484
501,282.8094445235618,-6.279836657927666,0.4450024026148647,14.264345,0.7490549,2.5061567789446695
502,282.80658496062006,-6.2802210651195365,0.4550539095193369,15.325994,0.9757395,3.6163082494381786
503,282.79976993600974,-6.276627497163449,0.4118590835565326,14.728011,0.832037,2.8017542439740755
504,282.804834497029,-6.268679002480022,0.4604337331626399,12.79696,0.6151066,1.1127956711149682
505,282.76085983776443,-6.289716837719539,0.3661087323666891,14.443858,0.6699877,2.2619084386365333
506,282.7705539488735,-6.284188275822887,0.4740933760345669,13.412284,0.62929916,1.7916034373020935
507,282.76382153736296,-6.287576444901525,0.4769457539920689,12.787926,0.57756233,1.1802709341775088
508,282.7791546180124,-6.286669875586157,0.4026239160700962,15.048822,0.8297224,3.073319843185187
509,282.7876913576056,-6.279546977761165,0.4126577254241284,12.17365,0.5381317,0.25159990005201927
510,282.7553172276312,-6.2725476663770685,0.3808306116521459,14.430755,0.70411587,2.3344142513100987
511,282.7483695576543,-6.280375774059353,0.4093904187270358,13.706646,0.7058449,1.7673343716193628
512,282.75570057142824,-6.277637758894487,0.4024645896113235,15.769777,1.1592798,3.7934153773962596
513,282.759094366728,-6.284428170505072,0.4644194386342145,14.607669,0.67183876,2.942220945889284
514,282.7527982263997,-6.284094630487713,0.3883749180651386,14.057873,0.6642637,2.0041288732029976
515,282.759804329272,-6.267203651777043,0.5164891719965837,13.795802,0.68393135,2.361108105643863
516,282.76891777903086,-6.27152838540584,0.4338809654476493,14.446053,0.74240017,2.63290598926811
517,282.7712925047981,-6.271824154674669,0.4261830028295925,12.519425,0.6630497,0.6674056252424503
518,282.76999339443915,-6.27368616737912,0.415175917364229,13.169654,1.626399,1.2608147697323577
519,282.7894321758011,-6.276968153798093,0.4539062789170786,14.064238,0.6871338,2.3490689520506507
520,282.78679400412904,-6.271277760134179,0.3668979945396109,14.7318735,0.7232523,2.5546001895679513
521,282.78869591133054,-6.265765327463461,0.515612638635584,14.695514,0.7758112,3.2571317709322436
522,282.78922573953946,-6.273482236683427,0.5018653206045183,14.41543,0.76951313,2.9183659326795706
523,282.7904450103852,-6.272488865761904,0.3994998920476675,13.62552,0.59556866,1.633103331477729
524,282.7860168145539,-6.270162950523259,0.4684957455209958,13.1484,0.5701513,1.5019282567471155
525,282.78061591503484,-6.266952242599835,0.4144138303453643,14.1484375,0.6056862,2.235608704033929
526,282.7740738234741,-6.265590980183657,0.4541869438469945,13.663409,0.60890675,1.9495822287151139
527,282.78204627667327,-6.254412783607871,0.4273031199090699,14.805551,0.8012419,2.959231318922706
528,282.7862332281051,-6.2468762485665446,0.4715107502329868,13.496799,0.59835434,1.864256994525185
529,282.7931358434786,-6.2493444277056,0.3963040161112361,12.700034,0.6238203,0.690176367299399
530,282.79645908238933,-6.249909779710007,0.4776159911359134,14.1984215,0.65946674,2.593815795232027
531,282.78941292739154,-6.247092262416728,0.4257863534575784,15.369953,0.96554947,3.5159116904781182
532,282.7949874789667,-6.248159213841775,0.540488685965012,16.030914,1.1566858,4.694847036549408
533,282.79722961923244,-6.251255264921455,0.6011667269514696,17.122156,1.2863941,6.0171306774281526
534,282.7062659640866,-6.303794719422518,0.5527204270610916,16.40274,1.2221222,5.115267576174489
535,282.7031392771545,-6.304283015964074,0.4135025074405362,13.519063,0.6279917,1.6014537370883737
536,282.6975873259221,-6.302177288617796,0.4141004657771049,13.864131,0.682457,1.9496595949691802
537,282.68771965829126,-6.295625145687279,0.4042591000796107,13.949608,0.6767826,1.9829070243996458
538,282.7150016619988,-6.29137787470313,0.4826101211128151,16.027084,1.1395674,4.445066127620933
539,282.7266011682367,-6.288860644726141,0.5301273348015086,16.936901,1.2889748,5.558801991018889
540,282.7321811061097,-6.288668530467475,0.395810175536677,12.48326,0.6384554,0.4706947745492638
541,282.73361581913224,-6.285892382300808,0.4193776168496689,13.82832,0.6257124,1.941346237250288
542,282.7369529484528,-6.281809520913033,0.4375575703158019,15.293256,0.9110069,3.498432010512687
543,282.70759233432733,-6.280891874548504,0.4042987890843019,14.601239,0.9312,2.6347512028989755
544,282.7096263403329,-6.273466824193731,0.3987705067421915,15.305018,0.9632759,3.3086331509967515
545,282.7283116715836,-6.26761510932844,0.4935293823369322,17.114729,1.2683697,5.581294067773321
546,282.7180862664247,-6.266407400878085,0.4437673102445059,14.241276,0.6720276,2.4770525356345487
547,282.72271761879466,-6.266424973953237,0.5709248913082017,16.92089,1.2153854,5.7037848894259895
548,282.7159830502559,-6.2660602476043294,0.5337664729246757,16.34621,1.1199217,4.982966456464162
549,282.6777914763327,-6.283802223499055,0.5419762759179382,16.853432,1.3312893,5.523333382291312
550,282.69226231884977,-6.273805473580076,0.5796301938336571,17.767626,1.4258518,6.583381002299689
551,282.67522493671163,-6.271660778338872,0.4843546074894119,17.225657,1.329422,5.651474176890584
552,282.71288179437124,-6.266807032506236,0.4542316233568474,14.0480385,0.635684,2.334425331401139
553,282.71956417350066,-6.262312391644407,0.4175393850223082,13.959268,0.58285904,2.0627552361175017
554,282.7121542894874,-6.268379089370291,0.4414262983587925,15.57,1.0073318,3.7942910153547906
555,282.7168625514134,-6.262726055199667,0.372175300852988,14.868781,0.756093,2.722518740545718
556,282.687329045774,-6.26689148025637,0.4261203321907179,15.532075,0.94485664,3.67973628456207
557,282.6962394542271,-6.25494162672367,0.412977756285172,13.976994,0.6986494,2.056627302074217
558,282.70111224485765,-6.2550155252598,0.4843873586765421,16.503822,1.1623373,4.929786002984102
559,282.7011707836724,-6.258258779284896,0.5402139097930826,17.520016,1.2964344,6.182844812517121
560,282.70447035031384,-6.247235526187477,0.4258418218811041,14.994053,0.8609228,3.1402945560641644
561,282.7025346112381,-6.248462658255958,0.4944756447815065,17.13315,1.2472458,5.6038745272141774
562,282.7384392175641,-6.268396665724619,0.5038167131993151,15.687295,1.095705,4.198657851636627
563,282.7500069349725,-6.273692323264124,0.413637239997727,16.176163,1.1555824,4.259261158135658
564,282.75198152780285,-6.269623280152133,0.369013114279364,13.263481,0.64861107,1.0986900036673308
565,282.7504361963047,-6.265961345608686,0.6627682937663377,17.468851,1.4932213,6.575659619951912
566,282.73988131380463,-6.267475584838289,0.5050983307046081,16.59672,1.2486162,5.113599666091986
567,282.75088423562147,-6.261991610794329,0.4286735204819882,12.627533,0.5627165,0.7881662880485187
568,282.7540973851928,-6.257694869138096,0.3919862604611108,15.125782,0.935092,3.0921362239990042
569,282.75808566719,-6.256249959280482,0.4694417366537332,15.742905,1.0217686,4.100813493980333
570,282.75609449195593,-6.254106603780431,0.521842878952356,13.987535,0.7513571,2.5752338073904237
571,282.734080056874,-6.262938855754053,0.4359237083491739,14.383809,0.77661324,2.580861447006562
572,282.72484723120675,-6.261648328830479,0.5382923699778392,17.047293,1.2020721,5.702384119773164
573,282.7319155594571,-6.264898825236054,0.382061846482172,15.570756,0.9320202,3.481424351362989
574,282.7355004372011,-6.251481737291857,0.5156981603138802,14.659755,0.6929283,3.221732910601972
575,282.74324270020367,-6.254993763089835,0.4667605967186687,15.939136,1.0361776,4.284606931918686
576,282.7442950898828,-6.257483834248474,0.4076707984777317,14.930788,0.8229523,2.9823360199271747
577,282.75248042591755,-6.252848360535329,0.4437136524769406,13.50815,0.5974617,1.7436639579188338
578,282.74602342460304,-6.251806030923655,0.4219664861232925,14.264221,0.7034359,2.3906107966365333
579,282.7472245677938,-6.249487760779302,0.4424254765589403,13.138754,0.5182743,1.3679546368086637
580,282.742818470014,-6.248100032851498,0.418992304948771,13.614108,0.55655193,1.7251382347721123
581,282.7608837373273,-6.251464157237527,0.4598943066718601,13.130078,0.5945473,1.443368165979562
582,282.7697815724931,-6.251468227706822,0.4985381907118622,14.337087,0.8264046,2.825579166098116
583,282.7824610447035,-6.237492312737165,0.391313937770154,14.001869,0.65800095,1.9644955841094252
584,282.7719158854658,-6.237174721836356,0.4327800625246654,13.774381,0.7888956,1.9557172265858558
585,282.7566104282924,-6.236358981299592,0.3833779492654235,14.813779,0.8232126,2.7319146498079085
586,282.75701047602644,-6.247617422711527,0.5222392431398193,16.08497,1.1116838,4.6743175166640185
587,282.7650608430609,-6.241608458343648,0.4993199523589953,12.878722,0.6075678,1.3706166020188242
588,282.7571208388072,-6.244198732237161,0.4343555143132028,14.142403,0.6800318,2.3316296971118806
589,282.7560288772113,-6.243565177900524,0.4768481642080041,14.407898,0.6362028,2.799798575034
590,282.759802906395,-6.240591763335357,0.4877799366442731,14.650467,0.72943306,3.0915866647606602
591,282.7573422447507,-6.242028934436162,0.5472985917500348,15.214685,0.94621277,3.9058066533200915
592,282.75979457846285,-6.23829680262528,0.4368682945605744,15.193635,0.8296232,3.39538763603316
593,282.7494456494015,-6.244369061068261,0.3853143476208838,13.032654,0.5846758,0.9617299038317597
594,282.7667485503914,-6.228915018731368,0.4389761275803515,13.757351,0.637557,1.9695555153105495
595,282.7745587822219,-6.233610930361758,0.4145343085154903,13.208655,0.7176428,1.2964574016009536
596,282.7617432812073,-6.233511947646048,0.494794381279757,14.336536,0.72315216,2.808659796407772
597,282.7641656571062,-6.231174862811711,0.4585236449690958,15.808061,1.0856009,4.114869680562672
598,282.7263949358955,-6.254549691018152,0.587214797916048,17.556646,1.3005314,6.400630956715702
599,282.7210798330124,-6.2439427404739565,0.4606963841100655,16.135239,1.0729141,4.452313017990026
600,282.72116814267525,-6.251456055257887,0.5572228966239284,16.893091,1.1939888,5.623235767700077
601,282.7333829153653,-6.241722491500731,0.4343294977528343,13.856829,0.5322046,2.0459256286929186
602,282.7344843069721,-6.241606829711965,0.3856132621310222,13.670983,0.5576582,1.6017428093914639
603,282.7306856596905,-6.245474993824224,0.4044072926063117,13.789547,0.54999256,1.823641892731855
604,282.7295222669472,-6.239194870499335,0.4371947362144524,16.13411,1.0906744,4.3374846222119885
605,282.73372092147724,-6.233925410585518,0.3670121849488437,14.932877,0.8280821,2.7562794161950297
606,282.71195957673945,-6.245553524741494,0.4918693471467874,16.297937,1.0930662,4.757185792814919
607,282.7188920328011,-6.242006709884244,0.4135147494393632,15.141073,0.8405142,3.223528023927548
608,282.7160419072643,-6.237505359467425,0.4262666871033482,14.712804,0.7052784,2.8612109685077503
609,282.7070946992319,-6.236868534398473,0.4009913191397402,14.67561,0.81073856,2.691284854490979
610,282.7139731396072,-6.234149920506323,0.3807159360412777,13.025474,0.45582962,0.9284792796581218
611,282.7186975791783,-6.226491639138137,0.3777011126831411,13.6409855,0.6044111,1.52672682116485
612,282.72136241485106,-6.224067213916666,0.3703890504183592,14.593798,0.74763966,2.437088697107061
613,282.75223184786506,-6.234574338142494,0.4157835503626277,14.342535,0.70217896,2.4368715167514576
614,282.7472046382512,-6.2378184823765706,0.5440798288726718,16.715435,1.2441511,5.393748126205889
615,282.7419081713356,-6.233345098078652,0.4431276148503012,14.402612,0.6890373,2.635256076307991
616,282.7568957339813,-6.226601833636684,0.3860142482512013,14.37643,0.61440754,2.3094466765021693
617,282.74755293177657,-6.220758606858202,0.4233269308659677,14.920835,0.81380653,3.054214489717605
618,282.72229707704173,-6.223017476545369,0.4399595812942014,15.654143,1.006032,3.871206900303809
619,282.73357979331524,-6.2280238382971245,0.4216208698900304,13.437724,0.48930836,1.5623344998003468
620,282.72668437739924,-6.223797451072641,0.4039031479051503,14.428956,0.7477846,2.4603421897482924
621,282.74111020036696,-6.21086965989855,0.434329715973464,14.016559,0.5882206,2.2056567197078323
622,282.74464909780164,-6.222450337167672,0.4798728669830083,14.586065,0.9264822,2.9916959735349042
623,282.83134318852467,-6.270963209198349,0.4848535182379856,14.950597,0.76495075,3.3786497566226803
624,282.83941769098845,-6.267159959037215,0.528340589091014,16.274794,1.1553688,4.8893638804375925
625,282.8299751854936,-6.276889200347623,0.3920921401110844,13.978496,0.66165924,1.9454366825467133
626,282.83555556402257,-6.263809463893821,0.4488893942224431,13.495105,0.73626995,1.7558017228750327
627,282.8331807647578,-6.264509574573755,0.489696955118213,14.309434,0.64107704,2.759071018156547
628,282.8430230439248,-6.255168753135422,0.4424152297178081,13.278714,0.52177715,1.5078643436143153
629,282.8182300478634,-6.261923883174111,0.5010894977502618,14.605141,0.7774248,3.104717502667622
630,282.8288421009335,-6.26231794063552,0.4505269426880578,15.90442,1.1180782,4.1730238401810364
631,282.829771107256,-6.244104575026086,0.4657808782788054,15.298838,0.94373417,3.6397462772786398
632,282.8492294868896,-6.256225548514249,0.4641551736145728,14.437085,0.7147722,2.7704009779727095
633,282.861194332152,-6.235724423941085,0.5624901423725015,16.365551,1.329999,5.116125579243754
634,282.8609602911258,-6.242160730139049,0.4787924807649006,16.80575,1.3215313,5.20648660687619
635,282.8454350830959,-6.235310930789769,0.4824635288603082,14.6230955,0.7066345,3.040417945255294
636,282.8346719641478,-6.243670452489899,0.407959273573097,14.615945,0.89758587,2.6690290489628943
637,282.84349606250163,-6.239118785031321,0.4916475851096955,14.021219,0.7291479,2.479488551609423
638,282.8460809077463,-6.23061807532123,0.4247638586971453,14.486827,0.74178886,2.62756478711694
639,282.8095869405024,-6.258767895201831,0.4997494730980866,15.8095665,1.1356592,4.303328224498907
640,282.82648621451386,-6.24007381806371,0.429791718519203,12.964939,0.5941782,1.131229214966714
641,282.81457725359905,-6.238395043718382,0.4941017525117646,13.23078,0.61616707,1.6998619713782617
642,282.82462788338466,-6.238033812675739,0.4977016626699001,15.056819,0.9664326,3.5416644579611933
643,282.8180256413206,-6.246901923137272,0.4488246339669465,15.048511,0.862525,3.3088944268723584
644,282.8027477790573,-6.237324932184736,0.4148036340187908,15.163836,1.0081921,3.253048762541077
645,282.80137751925497,-6.245463016925462,0.4498974856907041,14.895252,0.98460865,3.1608198303121178
646,282.79379402881654,-6.238273634091117,0.4554622323056788,13.938819,0.6560068,2.231080851865917
647,282.798699984453,-6.241124596124826,0.4691907154556191,15.580447,1.0754194,3.9371940476278695
648,282.8027817572787,-6.233308622214,0.5778867441189803,17.02133,1.3344231,5.830543662485859
649,282.8154648060101,-6.236150161391767,0.3908223507434266,13.241062,0.6137552,1.2009589631427104
650,282.81410035971913,-6.236526379851407,0.5523934430091083,13.479027,0.73520565,2.190269573991122
651,282.8252754452161,-6.235894660433182,0.4580295753021806,15.86397,1.1204557,4.168437608096232
652,282.849898136864,-6.224718224177263,0.4443872641932199,16.226984,1.1539059,4.4657920194599825
653,282.8367074854016,-6.223921338551516,0.4010707298928908,15.039501,0.85588646,3.0556058418223966
654,282.81718798162314,-6.218902056923032,0.50421030394358,12.713631,0.561573,1.22668958294285
655,282.8689128815717,-6.22067462491259,0.4719759484303385,14.285146,0.85933876,2.6547453392495957
656,282.91568367871,-6.206817162639463,0.4933929633547171,17.002596,1.3277473,5.468560757000759
657,282.8475102658336,-6.212767824056731,0.4313741358562152,14.83578,0.77381325,3.0100505115324516
658,282.86043901885694,-6.199685968453997,0.4975989148795107,13.691868,0.8111172,2.1762651230605705
659,282.8375316913462,-6.206887238559852,0.4520772873511583,15.43383,0.9800291,3.7098934417646667
660,282.8453000355333,-6.206059729286283,0.4327723564899501,12.65041,0.53063774,0.8317075612401084
661,282.88441658754664,-6.189077514680778,0.450778370227689,14.580431,0.82036686,2.8502463452540496
662,282.85598462447666,-6.185838740335892,0.5976001038868556,17.04093,1.4374962,5.922983321525702
663,282.7989850178149,-6.222583698696459,0.4782287684313889,13.849819,0.7027645,2.2479974903835434
664,282.77149196345425,-6.222229880946019,0.3946173789983153,14.030635,0.6721382,2.0115160386009876
665,282.78322293588053,-6.226575971662924,0.6044427118230341,16.723282,1.3299379,5.630057726826475
666,282.7823713002211,-6.22449373455136,0.4897206843030177,16.366816,1.1900625,4.816558238377297
667,282.7785521464009,-6.217426738340308,0.4612631793483367,14.961601,0.8700409,3.2813449406755506
668,282.7707162498993,-6.224448263836972,0.4018420560859025,14.253284,0.69817543,2.273560936454224
669,282.7918818297156,-6.211153272696916,0.4458899695609762,15.6010685,0.9969616,3.847207014323555
670,282.8096662043288,-6.216790153117438,0.5087461434893199,12.789641,0.5932255,1.3221466505506
671,282.83061656769473,-6.203231542830993,0.4233052259265673,16.168413,1.1229496,4.301681150509214
672,282.8208356920416,-6.210717105009451,0.4670394342116323,15.551666,1.1943998,3.8984337576215182
673,282.82201702958577,-6.196543012325173,0.4525957142623142,14.66543,0.7231531,2.943982185996333
674,282.7931252542073,-6.207929027164941,0.39963694939198,15.119867,0.91107273,3.1281951757376376
675,282.76625204539926,-6.21939730166333,0.3926983989168188,15.3314085,0.93421173,3.3017041529906432
676,282.7740595966029,-6.212178256711535,0.3907658729942796,16.12099,1.1625576,4.080573140926578
677,282.7614607877162,-6.218725390219502,0.628094407879783,16.795334,1.2617645,5.7854586338109755
678,282.7633439099802,-6.219104435259423,0.4490712650099508,15.64565,1.0959148,3.907226332462624
679,282.77226075133274,-6.20528016055273,0.3884718612004866,15.734341,1.1469145,3.6811388316699976
680,282.75483068165016,-6.203176845181821,0.4567182002037363,17.043402,1.2914467,5.341643592856091
681,282.76864131901635,-6.190203189192008,0.4264681373823221,13.744203,0.63497925,1.8936359468500417
682,282.7812769686021,-6.187901996159527,0.4273756322444453,16.121332,1.1466646,4.275380781425369
683,282.7906560235806,-6.180203504490242,0.3782370035532912,12.058174,0.50126743,-0.05300592831580708
684,282.8452362004031,-6.186193772708982,0.5774888552777558,16.820036,1.2774487,5.627754036863543
685,282.8249696808893,-6.174572659307903,0.531081113349169,16.998322,1.2609329,5.624126285159285
686,282.86688026506613,-6.172225721362705,0.5081404222373084,16.817139,1.339447,5.347057720628435
687,282.84461233330006,-6.167088867035092,0.4683026706417117,16.985245,1.3058567,5.3378781724428706
688,282.8440658591855,-6.173567840765147,0.4002117104008731,14.803548,0.8877249,2.8149969608322145
689,282.85449665098054,-6.154481163989524,0.4785449758469043,14.995401,0.81082344,3.3950148050701774
690,282.8168345388273,-6.1734592412721705,0.4147247220707396,14.015828,0.6628523,2.104627623876839
691,282.81338065628603,-6.149876996087134,0.3860875681776096,15.291919,0.9151554,3.2253480889440347
692,282.8116944556235,-6.14922961123461,0.4712110159323459,13.964344,0.80190563,2.33042117399188
693,282.8314822916,-6.146451149656026,0.4088666787026134,14.691631,0.83810425,2.7495395920814243
694,282.51946771649347,-6.361857679240552,0.4837565823913772,17.414503,1.402359,5.8376374371819075
695,282.5417493960136,-6.352947984049107,0.4067189059824158,15.950292,1.139246,3.9967638034170836
696,282.5014933529316,-6.317726860225452,0.545416571891024,17.625832,1.419035,6.309473646864575
697,282.58485541909727,-6.33413169397214,0.4245278512507792,15.721065,1.1473913,3.860595937537667
698,282.5661574588734,-6.336671334974022,0.4631490403903835,16.748024,1.2453117,5.0766278428158245
699,282.5704002869295,-6.32383149808121,0.4126054689124447,16.703321,1.3133793,4.7809959003324884
700,282.58091933981285,-6.307771757961668,0.405083725589094,14.453698,0.71123123,2.4914219778430393
701,282.5394437741577,-6.325925744121789,0.4581755611548646,16.84989,1.3370762,5.155049602151607
702,282.5766718753363,-6.293242791776913,0.5707732201028282,17.278645,1.3182621,6.060962942093884
703,282.569405402944,-6.290839976728716,0.4063512957538424,15.525114,0.9951019,3.5696222447440693
704,282.609673943944,-6.292687300357252,0.5332106671555348,16.426859,2.0360413,5.061353145573758
705,282.6347988763938,-6.280481367550997,0.4741082514859742,16.786974,1.2309532,5.166361569714816
706,282.638327599596,-6.292580059036608,0.4940106465002357,16.223686,1.1049843,4.6923675428619624
707,282.65321899692134,-6.2781749909271,0.4138882362373643,16.057198,1.1826153,4.141613414079146
708,282.5874723673663,-6.271881404269623,0.429693805638653,16.167068,1.115366,4.332863465227263
709,282.5971823006796,-6.265659493434059,0.4038731052602236,15.548136,0.9679451,3.5793606678557097
710,282.52575376395697,-6.274182638685343,0.4945321113857472,17.538548,1.8077965,6.009520484164032
711,282.57194261007794,-6.264898182873,0.4238644071530412,15.677388,1.2268152,3.813522747077677
712,282.60546603104353,-6.239470218506096,0.4378973124937365,15.699663,1.238596,3.906524399028429
713,282.57573637998627,-6.236047563015084,0.4433098463547792,17.224836,1.9731903,5.458372887604924
714,282.5718998082905,-6.215201866451994,0.3968213548412306,14.390593,0.71910286,2.38356817779575
715,282.5205765495174,-6.2393114051088725,0.3705649105310378,15.183006,1.0541134,3.02732746395605
716,282.5208830693877,-6.223035206005838,0.4091795305339954,13.925704,0.5509958,1.9852734986306224
717,282.55794587934025,-6.20628633330642,0.4747859098147715,15.142529,0.8539257,3.525018109747922
718,282.52129569508656,-6.190180328240086,0.4529842088422973,15.841553,1.0395489,4.1219683132408935
719,282.664456993165,-6.260263197872557,0.4927936318786303,14.326954,0.84865093,2.7902794351300564
720,282.6758370329594,-6.259336072444564,0.420213028136092,14.574417,0.77799225,2.69176456495585
721,282.6593372267383,-6.255492655534709,0.4252314720676475,13.328114,0.57254696,1.4712409993821183
722,282.66313554271983,-6.254138789764584,0.4961289600970404,17.049105,1.2771606,5.527077892319145
723,282.67343109649295,-6.256436561589363,0.4604486429971953,14.073063,0.8615198,2.388968986923386
724,282.68255032074427,-6.253670192558062,0.4265880591959763,14.555957,0.6979704,2.7060004738291745
725,282.6665681978193,-6.247545374250077,0.5027575084112472,16.65751,1.2199917,5.164302826351086
726,282.6816212084576,-6.23661960353328,0.5311561421476498,17.20462,1.2990513,5.830731039540655
727,282.6557767951284,-6.238013751764426,0.431558034290856,16.590948,1.2219009,4.766144031282057
728,282.66146952501003,-6.233227769493567,0.5170361073104144,17.017542,1.2465,5.5851463659349605
729,282.6519204302675,-6.211540107003279,0.4479513063486031,15.345139,1.0636053,3.6012930372512564
730,282.7020390704921,-6.236754673525653,0.4117731093434801,14.114612,0.57157326,2.187901909017379
731,282.6941508354893,-6.229016585665115,0.4371228594739147,13.392407,0.4855709,1.5954245932328508
732,282.7002676637257,-6.213215446042703,0.4472218355833121,14.110787,0.62744427,2.3634019990098185
733,282.72535570649626,-6.218334761663162,0.5911677248748202,16.628374,1.1694403,5.4869275774464334
734,282.7235909053626,-6.214058216541197,0.4175285228757834,13.9163475,0.6769161,2.0197782452590616
735,282.7186344248286,-6.216024814452904,0.4061258559501316,15.219102,0.8554411,3.2624051983614066
736,282.73522812665004,-6.20007897770276,0.422476841684162,13.824066,0.57725906,1.9530805391572148
737,282.7271210656467,-6.202957183844018,0.4149748296310631,15.909481,1.213521,3.9995897765261077
738,282.71125910616473,-6.195829100517454,0.4425226410587132,15.757549,1.088069,3.9872264783931346
739,282.7228444807585,-6.19860444636328,0.4500179706548746,14.911735,0.75230026,3.1778842844368924
740,282.725300139188,-6.192626027130586,0.4853915499930702,14.967325,0.84915924,3.3977860579263837
741,282.6779856546228,-6.219240972708116,0.3823773541697685,14.654615,0.95226955,2.567075819035825
742,282.67280501516217,-6.217029689026642,0.4198827447860829,16.223946,1.1268139,4.339586137679255
743,282.7007023424409,-6.167252350810659,0.6755262186535202,17.697384,2.0081806,6.845595048030619
744,282.6260043361545,-6.179912597121121,0.8313307671896498,17.934534,1.6505814,7.53340326924485
745,282.60406943703055,-6.176291290901088,0.5429096121962118,17.488811,1.4469166,6.162448654463873
746,282.65618573032265,-6.169252375779081,0.409636180318605,15.469413,0.9918995,3.5314045393847344
747,282.69324591135126,-6.171573789184766,0.428063547980816,16.489094,1.1581316,4.646635233952999
748,282.65709400709466,-6.159350190245672,0.4007039516377917,12.664835,0.62411976,0.6789531267632647
749,282.64500380569325,-6.150096892828245,0.4580797621669775,15.0201645,0.8387699,3.324870025968867
750,282.661195123045,-6.14352182339439,0.4502576960910877,16.69602,1.1742496,4.963325723963425
751,282.7489739048968,-6.192142853575959,0.4370345908223431,12.786691,0.57346535,0.9892700613823227
752,282.7354131878014,-6.195914392759429,0.4702606019506992,15.541892,1.1383886,3.9035849771650675
753,282.74432695106265,-6.204004970179909,0.4431308740707309,13.764852,0.571105,1.9975120475112664
754,282.7532155460192,-6.191960042584467,0.3862668734008601,15.641533,1.0335045,3.5759703212560563
755,282.7508665867728,-6.176756603694019,0.5027508447976883,15.324137,1.0651026,3.8309010451819496
756,282.763702152242,-6.175469547671478,0.6077748470282311,17.302229,1.2566357,6.220942613444183
757,282.7505156334621,-6.16312215282548,0.4448229578864205,15.773436,1.0609035,4.014371968253204
758,282.75394790352067,-6.160813449239331,0.4187794493523991,13.85805,0.60147095,1.9679768075861137
759,282.7717409196096,-6.153505792321292,0.4971221052313369,17.034416,1.201685,5.516731375406774
760,282.7344829996754,-6.168997386840936,0.4445240661758614,17.05526,1.252121,5.294736391485561
761,282.7099705506346,-6.158563659191784,0.4075314123427357,14.544065,0.7271013,2.5948704479730154
762,282.7574437327033,-6.1415657250715965,0.6242643323611121,17.722189,1.4215145,6.699031610094018
763,282.74667764403523,-6.133274453286126,0.4161513471056363,14.409572,0.8544264,2.505828524036204
764,282.74585387340124,-6.141820911380168,0.3754750711614491,15.5633,1.1246586,3.4362055413691888
765,282.7788925665019,-6.140372004271565,0.3741715625761512,15.313753,0.94058704,3.1791068879530453
766,282.8255112217945,-6.133333522863113,0.41916268953269,12.956365,0.62053394,1.0682780915957775
767,282.7705612393962,-6.118435820129413,0.4597807690394338,17.003273,1.3416176,5.316027011757232
768,282.77612434620784,-6.120347318763339,0.3688658063955272,15.097585,0.9153061,2.9319269914767343
769,282.789351499944,-6.104920714234913,0.4884883288304483,16.686262,1.3118458,5.130532959157428
770,282.7910697907023,-6.099898982479031,0.4100732504801281,15.096404,0.9663391,3.160711203572685
771,282.7899032089728,-6.106430819593213,0.4853509783215217,16.99531,1.3992062,5.425589546840058
772,282.7016260795824,-6.161220445478981,0.3727779063411901,13.856044,0.6103287,1.713294824224615
773,282.69368771333376,-6.152083051983859,0.477444926751413,14.762287,0.79142666,3.1569034148095128
774,282.6809689247705,-6.147304084150236,0.4288982741501574,15.676789,1.15798,3.8385604933943505
775,282.728267249962,-6.135638519023922,0.4292309289919359,13.032082,0.58126545,1.1955370413830497
776,282.7198915345025,-6.125210999696642,0.41496768530945,15.280293,1.1389408,3.3703643915338013
777,282.6729980355558,-6.120997649231672,0.4536432003091767,15.50015,1.2505388,3.7837220279530204
778,282.7059335026766,-6.1199091187724335,0.4669886615369374,16.115957,1.2194433,4.462488680221131
779,282.7067062346508,-6.108295298525432,0.4196205533475444,12.496949,0.6077547,0.6112327606535182
780,282.7424521534268,-6.119540545032961,0.4108516879879857,14.975764,0.8775606,3.044189378081155
781,282.7803283791385,-6.094691229300178,0.6582288721653886,17.686644,1.5099125,6.778528640073626
782,282.7698458424293,-6.094463119838443,0.400253969730569,15.721241,1.0923634,3.7329192397903057
783,282.76888647159626,-6.0848932261615785,0.3893419773425718,14.77423,0.93612385,2.7258861509493535
784,282.7136115947734,-6.089769739824555,0.4032642710119427,15.37632,1.0181408,3.404268727323842
785,282.745181965699,-6.071595478309162,0.5153196930989841,14.413217,1.0378628,2.9736006973703653
786,282.59614141722375,-6.156309740774831,0.4508672073188556,16.446482,1.2580814,4.716725245745852
787,282.5786949880847,-6.157031756777976,0.3819499465467145,15.794691,1.338419,3.7047232679244146
788,282.6101934854321,-6.141581355871827,0.4435581730116483,16.072418,1.1461601,4.307170929871091
789,282.5893296665189,-6.136824983674392,0.5160781504082036,17.590752,1.4860687,6.154329362022679
790,282.6207710629401,-6.114967584152563,0.3728168707888008,13.5483885,0.7221527,1.4058662845671765
791,282.5462582075288,-6.1401025438898005,0.6043203545525172,17.59136,1.6221905,6.497696111412459
792,282.5774098195364,-6.097273890661071,0.4082918854644511,16.07824,1.2914152,4.1330937434426716
793,282.6408019263001,-6.076707517145424,0.4107407108961343,13.457334,0.9563904,1.5251727521707004
794,282.6436799492734,-6.066188523723733,0.4903899283174763,16.412626,1.392189,4.865333710069525
795,282.7038206165977,-6.085851313033471,0.4182509380491648,15.994147,1.2379265,4.101331618334973
796,282.70455469670446,-6.072358853379416,0.4511754981463731,15.477712,1.0689821,3.749439532571902
797,282.6833382859922,-6.070955880880141,0.6966110170670627,17.882696,1.4410553,7.097647693229495
798,282.69126204075224,-6.04509845403444,0.473141967437742,15.324271,1.1312532,3.699228357218928
799,282.7154313313658,-6.037493551946003,0.4095826078038919,14.577116,0.9622841,2.6388235340873436
800,282.6098853080311,-6.084117596018797,0.4762546754024399,16.098293,1.2240143,4.487489260914586
801,282.62811908730515,-6.071971770655076,0.4273685609813092,16.097479,1.1957064,4.251491852423634
802,282.628017251674,-6.05543884835734,0.3877180108445887,15.20295,1.026761,3.1455298797940667
803,283.00341805446243,-6.272755053030068,0.4024283173971913,16.478638,1.1725025,4.502080664124126
804,283.0322833712658,-6.231666140132645,0.3999568344137254,13.469787,0.639616,1.4798526117959518
805,282.98447873411635,-6.255331965734561,0.4338892535060996,15.797822,1.3842258,3.984716468659453
806,282.97347667672085,-6.238243377769285,0.398008576603849,14.720794,0.7373791,2.7202561534789016
807,283.0143665485978,-6.23199498772013,0.4306207648782411,13.237677,0.5409603,1.4081518401011213
808,283.0124292691153,-6.210252299893807,0.4270994014704783,14.624934,0.7039442,2.7775788140733546
809,282.97282698107614,-6.2141978960156,0.4043235649920595,14.288817,0.67736816,2.3224622692181587
810,282.94684685882635,-6.210776746595964,0.4838485846048039,16.157959,1.1431208,4.581506374763244
811,282.9402385740781,-6.217027981366033,0.433730175080912,13.948474,0.64964485,2.134572187700927
812,282.9429072593948,-6.204292499473578,0.4302989969076012,15.974335,1.1413298,4.143186668386267
813,282.93756140246774,-6.2020139188103744,0.4000506153868475,15.273453,0.9335289,3.28402771404658
814,282.9606773422388,-6.179440859311755,0.564570595113609,17.325367,1.2761383,6.083958273832586
815,283.0194056760291,-6.176719148528566,0.5103640317196568,15.882371,1.1629276,4.421771297843467
816,282.98639647391707,-6.16381209959845,0.5524983388060264,17.536873,1.3650322,6.248527882840396
817,282.95082699191585,-6.1767297063727895,0.495363227769382,15.942159,1.1544809,4.416777822617899
818,282.90222208591376,-6.168269134699455,0.4241510432552495,14.655417,0.8279028,2.793019697716833
819,282.97149530775454,-6.156207828471236,0.440342491025873,15.553437,1.0865536,3.772389974511958
820,282.97842502830605,-6.138492813492466,0.5198275499998438,17.570173,1.3499451,6.14946946331867
821,282.8917232427546,-6.148838502748833,0.6213344828376182,17.808996,1.6803608,6.775623283843213
822,282.87066095885154,-6.138333850392677,0.4055296702538517,13.2554455,0.6469803,1.2955586725895074
823,282.8497737135842,-6.142460537735034,0.552530868129594,17.22238,1.4100552,5.93416272838186
824,282.8536794882906,-6.139803978126662,0.5008914667516828,16.827955,1.35919,5.326673165293009
825,282.8628335490705,-6.111743522389426,0.4421160230046297,15.218731,0.98724556,3.4464122736516867
826,282.9091141455014,-6.1123631340234095,0.3985107111577965,15.701582,1.0174608,3.703781994209086
827,282.899492695035,-6.098226876056912,0.4790584195884247,14.77172,0.73667717,3.173662387092145
828,282.8917768288269,-6.0993793603079824,0.4479833040931363,14.867678,0.7670765,3.1239871428106145
829,282.9224184840392,-6.073551107122803,0.4152113367912943,15.0238695,0.95420456,3.115215514166916
830,282.8365408286376,-6.121828211685351,0.4401449245604478,15.351282,1.136961,3.5692604912238988
831,282.8387049323897,-6.1162487000906784,0.4221224232412191,15.869765,1.1914558,3.9969571129548545
832,282.8202045720855,-6.107286580039244,0.3772252767138316,14.358453,0.8114357,2.241456928936529
833,282.83151932301985,-6.094282614863131,0.5168172742459809,16.606598,1.4168987,5.173283106052892
834,282.85085843195816,-6.098553662775873,0.7723951860204933,17.500769,1.377367,6.9399667918026395
835,282.84434777286106,-6.091868193823184,0.4655737450841187,16.407291,1.1911259,4.747233406677925
836,282.84539213644643,-6.081081299296908,0.4154378996318761,16.339136,1.2054157,4.431666569447227
837,282.8248551573359,-6.097041954468005,0.4935939448481046,16.38208,1.2975721,4.848929116803546
838,282.82048257531466,-6.090011103165375,0.4260612450551076,16.4802,1.2841415,4.627560160744409
839,282.8047738855976,-6.089146386581073,0.5569957327932725,17.488796,1.4659615,6.218055340038898
840,282.80122764898044,-6.089800632888086,0.4053806418883823,15.128938,1.0170927,3.1682530301003826
841,282.8768223212566,-6.076584028179212,0.492931354459565,16.71623,1.4202805,5.180162218544815
842,282.89153580752674,-6.060228056543985,0.3670257346311608,14.377011,0.8890333,2.2004935830652315
843,282.90093718679543,-6.042051010579035,0.6509806930871849,17.807745,1.7884331,6.875585541842209
844,282.79127657070694,-6.078334112416077,0.4476418088558709,15.218202,1.0176039,3.47285520996345
845,282.8032536571369,-6.060609905646253,0.4016757283933292,15.402735,1.0276556,3.422112949505845
846,282.803006551914,-6.056913404106308,0.3954148918724641,16.080368,1.2509203,4.065633107086651
847,282.7926228535292,-6.051855870783829,0.4242391471422716,13.4869795,0.9351158,1.6250332051959226
848,282.8408747691434,-6.0430560326841,0.533869187241688,16.632505,1.275568,5.269679279349745
849,282.8444739779709,-6.035441106152576,0.5555003931552273,17.378784,1.4606361,6.102205853243888
850,282.78678777737014,-6.009368367920914,0.5320147485744136,17.50025,1.6613197,6.129868360119037
