,ra_error,dec_error,parallax_error,phot_g_mean_mag_error,bp_rp_error
0,0.0496398,0.053261522,0.068055816,0.00285948368403787,0.0076934627981482305
1,0.042646643,0.041917104,0.05340323,0.0028241947717998223,0.006713303750832131
2,0.045166895,0.044909,0.052554663,0.0028241529869549604,0.007002697687081992
3,0.0641417,0.06667413,0.09299888,0.0030256014715951385,0.010077169214890136
4,0.021656659,0.020979006,0.025863437,0.0027852270446609537,0.007257352071104439
5,0.014705761,0.0152102085,0.019360133,0.002780098612694451,0.00482533345779434
6,0.014800889,0.013930984,0.017202847,0.002794573974396096,0.004873881446674932
7,0.020571958,0.019885695,0.025131138,0.002789236517008467,0.00526885818223047
8,0.08814732,0.102124505,0.13528956,0.0031904499749645745,0.0187225311742525
9,0.031803828,0.033628985,0.04291599,0.002791627822463622,0.007250498005771023
10,0.051870387,0.058434367,0.07728311,0.002863869751943087,0.00819601116222876
11,0.013839427,0.015124564,0.019248366,0.002784322293120328,0.004897941026787116
12,0.048948634,0.05180836,0.06659755,0.0028983150787069436,0.010224343594432622
13,0.031200802,0.03178606,0.039223805,0.0027879791213290704,0.008114101527648729
14,0.034119997,0.03290936,0.0412614,0.0027925158574664067,0.0063616783426144055
15,0.028074877,0.027250594,0.036836077,0.0027862249037580353,0.0052253154170794945
16,0.015721792,0.014982014,0.018779399,0.0027953214913114476,0.004893744060126649
17,0.022063332,0.021624371,0.026786376,0.002801866348024826,0.005144922261823866
18,0.015412272,0.015569766,0.019945828,0.0028182362527095607,0.004863694145372963
19,0.019114131,0.019628407,0.025070222,0.0027906293745789375,0.005066717666278778
20,0.023266353,0.029435627,0.038504016,0.002779800841683936,0.005181799148719804
21,0.0276144,0.028392488,0.03644664,0.0027802374418351987,0.00537496875644827
22,0.021467576,0.020803051,0.026236907,0.00279487635724725,0.005143583939408403
23,0.019106269,0.019161906,0.023646817,0.002775980370281948,0.0049647689495431755
24,0.020989567,0.021509357,0.028239042,0.002790410082534866,0.005182692982112611
25,0.022477001,0.023031177,0.029534463,0.002782278107226911,0.00514267834076187
26,0.023248233,0.023251595,0.031714562,0.0027750017584269606,0.004970418357103313
27,0.03951976,0.040535096,0.050734535,0.002817750790192211,0.007722203095266338
28,0.023167005,0.02404918,0.030682778,0.002783466755604831,0.005388416723136929
29,0.019350784,0.01930531,0.025742834,0.00280321995280612,0.005037777665391646
30,0.062398665,0.062160168,0.080428645,0.002986232819022062,0.007992507814296538
31,0.023232419,0.023735162,0.032233294,0.0027914567945606797,0.00647280534186394
32,0.017963788,0.0180287,0.023480907,0.0027945493820324637,0.0048941074545480355
33,0.043826308,0.042767998,0.052630644,0.0028105548872011275,0.006253878345482015
34,0.033981588,0.034024563,0.04418968,0.0028178877392755442,0.0065976663724455886
35,0.02084627,0.02050303,0.027275039,0.002803692759345959,0.004966199876505267
36,0.026742972,0.026404323,0.03471196,0.0027868356293947335,0.005487179229840257
37,0.022846641,0.023070566,0.029337887,0.0027771400314509616,0.005264392169999291
38,0.020430077,0.020391906,0.02676006,0.002812039049277623,0.005089347309559401
39,0.04969834,0.049795453,0.07165549,0.002882967457360585,0.008376958901990673
40,0.042954635,0.047921415,0.066760205,0.002808591017982955,0.006745422904302652
41,0.031037543,0.032223124,0.040850222,0.002813360641800384,0.005980302823697308
42,0.03010481,0.03434681,0.047815565,0.002804880930315072,0.005987692202013966
43,0.04214747,0.042882863,0.05557833,0.0028425885298432297,0.006654588134057477
44,0.016667698,0.01621558,0.021324845,0.002768302329237141,0.005024929820483425
45,0.020511989,0.019954791,0.02613645,0.002801209095728655,0.005005703964722463
46,0.015737671,0.015245048,0.019759176,0.0027696439460596412,0.004823651027107469
47,0.019353976,0.020044422,0.025748154,0.002780895025163135,0.005256417587677847
48,0.033557996,0.03385225,0.044420883,0.0028954078037029623,0.006917277071523658
49,0.0219648,0.025272956,0.034631263,0.002783982317375286,0.0052824477701329045
50,0.038158245,0.038142852,0.049582735,0.0028105745088596716,0.0076407701604317155
51,0.02131461,0.024046652,0.02724744,0.0028108411488135822,0.0050793379241190545
52,0.03461253,0.03621541,0.04728545,0.002800401487813038,0.005760854515903156
53,0.017604023,0.017601801,0.023173895,0.002816329226092151,0.004852991633728854
54,0.01825706,0.0187518,0.024311205,0.0028234879879957086,0.004984944179859036
55,0.020146118,0.01848863,0.024467446,0.002791850730333763,0.00495859713440132
56,0.027375499,0.02784026,0.03578658,0.0027899320023176775,0.0057373145879732815
57,0.035871018,0.03694684,0.047444593,0.002802193035903596,0.006464707824271309
58,0.026099015,0.028498607,0.03836213,0.0027761137430149115,0.005657873681562047
59,0.015301353,0.0150911715,0.019508416,0.0027946229819621666,0.004995641738599649
60,0.032186724,0.030734356,0.04072236,0.0027926269154222774,0.006309229304439315
61,0.025234398,0.025109129,0.032880843,0.0028320261205140333,0.0060529607611077745
62,0.01359823,0.013575475,0.017591689,0.002763845202261905,0.004821979736860138
63,0.026877962,0.027170153,0.03557734,0.0027936486913642013,0.006089516897833345
64,0.0146971615,0.014604487,0.018611059,0.002768757270322369,0.004781561318678697
65,0.022561096,0.023237515,0.03106628,0.0028037772747779685,0.005736260105524739
66,0.03865133,0.040045038,0.050761614,0.0028083930823494226,0.009212900232997031
67,0.027219364,0.027797824,0.036990892,0.002808832276679667,0.006068809418267479
68,0.044695836,0.044589944,0.055377033,0.0028246406356726584,0.00812078181346982
69,0.020890716,0.024761472,0.034214158,0.002864275361279842,0.0050949544002975595
70,0.022747578,0.02267731,0.029893098,0.002790314308882391,0.005208480225151534
71,0.018271476,0.01531945,0.020687504,0.002797971301046383,0.005110469791469672
72,0.015706617,0.015191408,0.01995731,0.0027797563210476346,0.004820260628981622
73,0.029753678,0.029416952,0.039152853,0.0027891874192230767,0.00753825972681033
74,0.018631337,0.020387324,0.02317695,0.00287239114076519,0.004972447857836849
75,0.07718421,0.07825576,0.10934127,0.003110548364606499,0.012821397157655222
76,0.048269488,0.053183086,0.06944297,0.002848533652448744,0.008509476686963911
77,0.021409173,0.023541706,0.031498346,0.0028091473824471964,0.005051617135995931
78,0.0757848,0.061124384,0.07238848,0.0028514800205515656,0.007954503628683841
79,0.02354453,0.020554245,0.026046872,0.0027943695914830194,0.005374792336332117
80,0.024014046,0.024055429,0.030957868,0.0028087032557973825,0.005122025666433603
81,0.030976316,0.030242424,0.039093506,0.002805932310426228,0.007926046172467652
82,0.031092005,0.035600953,0.048717894,0.002813966488714337,0.006314591772921612
83,0.015980076,0.015505075,0.019885177,0.0027880812349631583,0.004933181216052184
84,0.047155924,0.051251106,0.07149764,0.0028803653745003233,0.008058230338982033
85,0.02022742,0.019713271,0.025551476,0.002801438036189012,0.005086035829459939
86,0.018696101,0.017585577,0.023258118,0.0028170825567840584,0.004854115655655144
87,0.020249546,0.018834157,0.026301712,0.002794601529454887,0.004969939179993675
88,0.020958425,0.020904938,0.027335247,0.0028079599151851643,0.004932433461815428
89,0.020420417,0.020886526,0.026570784,0.00278745128850757,0.0049709179244884095
90,0.022459337,0.02164783,0.028853446,0.002803338161365991,0.005229429486059734
91,0.015693383,0.021891043,0.03252382,0.002784287284214695,0.004801753753162544
92,0.023316428,0.024011627,0.03253454,0.0027994091527801645,0.005191991325605026
93,0.019666595,0.02041834,0.026239473,0.002782223124406995,0.004943622517740025
94,0.024964776,0.055441834,0.08024137,0.002826501618140154,0.005606213256305229
95,0.024657506,0.023581266,0.03129442,0.0027981179697142084,0.005461032349678158
96,0.019689262,0.019061435,0.025025982,0.002789090852323366,0.005066946233697004
97,0.021946501,0.022059653,0.027868155,0.0027865814801876503,0.005163592658015225
98,0.017187836,0.015008592,0.01988975,0.002773288573889364,0.004860121550749049
99,0.016097438,0.019002886,0.024862112,0.0027663952396415194,0.004789413654209536
100,0.02255291,0.024729744,0.033519864,0.0027944635903293384,0.005145933217730003
101,0.021407945,0.020042166,0.025964113,0.0027802705312826755,0.005506160277785062
102,0.045304198,0.04914648,0.06710869,0.002847322133576145,0.007132606779506551
103,0.04755106,0.04613684,0.06529289,0.0028475404064972625,0.00664058375889333
104,0.023295814,0.032330427,0.044187065,0.0028222037817271835,0.006117455800089664
105,0.026385656,0.032550074,0.049492326,0.0027807325174175205,0.005229547061023382
106,0.014490618,0.014293131,0.018365175,0.002769278698222168,0.00484623126306411
107,0.0204148,0.019703105,0.025768995,0.0027759475530086974,0.00522561095489194
108,0.030766612,0.038455486,0.04601851,0.0027854546398432063,0.005207721046994506
109,0.015707942,0.015490723,0.020383306,0.002787955641676941,0.0048517903345482545
110,0.025810946,0.023463672,0.030918766,0.002811624662945853,0.005962976178407332
111,0.034361172,0.04206926,0.058739033,0.002803482154594489,0.006532818635596797
112,0.03603343,0.044329137,0.059207633,0.0028037690744714197,0.006940111426595715
113,0.014099083,0.013950651,0.017737694,0.0027840752028040054,0.005464044581516742
114,0.017756898,0.019314714,0.02541579,0.002777520933678107,0.00495677806530871
115,0.01982267,0.020697325,0.03366574,0.0027998736541744733,0.004971052125316769
116,0.06417897,0.07605201,0.072205625,0.002830431983972991,0.007303843748619136
117,0.023593953,0.030768864,0.04105141,0.0027886189455497827,0.0052729058965388905
118,0.028101627,0.027122162,0.035588812,0.0027837082643780327,0.0057604922208056575
119,0.03481657,0.03719476,0.046307474,0.002825911925910202,0.006475698279347504
120,0.01939251,0.019317329,0.024499763,0.00281852514275071,0.006083266320742159
121,0.017937327,0.016630316,0.0222522,0.002967199787420062,0.00623048333878464
122,0.023750527,0.02321022,0.03101839,0.002797723860153208,0.005308202141648144
123,0.025228731,0.025112102,0.033223607,0.0027861263540244134,0.00531317922777303
124,0.013485318,0.015177419,0.020399472,0.0027648924110760943,0.004797791093129667
125,0.022483742,0.024143746,0.030503282,0.002775536330281367,0.005180994488218453
126,0.036165863,0.06124099,0.085848,0.002820252921637476,0.010619140415393564
127,0.016910547,0.018989747,0.02536158,0.002803757284501251,0.0048925700031875515
128,0.02335465,0.025270242,0.033526983,0.0028345891661891087,0.009672546326298223
129,0.04833547,0.048160337,0.06326438,0.002850397037136227,0.0073751089664775725
130,0.03662108,0.03638329,0.048113115,0.002818989167401931,0.006307374161101549
131,0.021570347,0.03354611,0.044486355,0.0028574334090744028,0.0054141378294991485
132,0.0169554,0.017446635,0.02318909,0.0027948335764748943,0.004852400461881362
133,0.041499212,0.063233204,0.082427844,0.0028627344598560318,0.007564984169270796
134,0.024230653,0.02172911,0.02894153,0.0027818782266349758,0.005161836623590994
135,0.029921396,0.031634923,0.04336795,0.0027874178834213777,0.005409458006315647
136,0.019711547,0.01878937,0.029115725,0.0027704605016571726,0.007571494605032545
137,0.021959053,0.021680873,0.02869329,0.002789407521417771,0.005070530646998174
138,0.016679293,0.023431037,0.03266809,0.0027789709755402675,0.004988289225324919
139,0.026661292,0.026495539,0.03493483,0.00278641438813709,0.005432588537347637
140,0.02045721,0.020321064,0.0274064,0.0027735989899871955,0.005091256813800893
141,0.015248177,0.01962489,0.026409263,0.0027788453142477917,0.004902644355444249
142,0.034368243,0.051676568,0.06988742,0.00280193988201533,0.005943609054512501
143,0.018043095,0.02354325,0.03048553,0.0028162463379950886,0.0051172320932628525
144,0.03585797,0.03711853,0.04821682,0.0028765226516472217,0.006766743334588108
145,0.028894387,0.032167748,0.04200106,0.002786004932138573,0.005897486569831643
146,0.024525145,0.029696563,0.037305336,0.002788811293867184,0.005860869186102729
147,0.016537663,0.019671574,0.02713997,0.0027737279275995997,0.004830911088142322
148,0.051704384,0.06271207,0.073553964,0.0028896943207878823,0.009582029005089115
149,0.026873412,0.034619875,0.0460285,0.0027849327629652022,0.006458216615345759
150,0.019491546,0.025786271,0.03506883,0.0027882815831313515,0.004979543427338904
151,0.015763728,0.015405675,0.020282747,0.002772556923940041,0.004801495219242346
152,0.026898341,0.034000065,0.0459917,0.0027930678253334424,0.006557918544073076
153,0.020370537,0.023389257,0.032388277,0.0027792524298224414,0.004872734962531205
154,0.021223104,0.0268627,0.03694446,0.002794791513408216,0.008782179184372293
155,0.017129174,0.021170378,0.028611356,0.002842704716048379,0.0056136014348602105
156,0.016445117,0.016661663,0.021841248,0.0028098668843489004,0.004850678790283267
157,0.025014099,0.036818083,0.049153183,0.0027911177930206904,0.005909758198840912
158,0.034685373,0.0446521,0.060150605,0.0028066196592320177,0.006716275087873449
159,0.021096887,0.027614616,0.037097156,0.0027895181338206823,0.005405265109199677
160,0.019996122,0.028268026,0.037495572,0.0028019013842309017,0.005060758333299584
161,0.021801496,0.027458569,0.04011429,0.002791413738466287,0.00523556292392469
162,0.01500807,0.015644493,0.021317009,0.0027753598628506466,0.004846964360360119
163,0.018143535,0.020589808,0.028473504,0.0027768749657805384,0.0051244427109613504
164,0.02671398,0.034002542,0.042937346,0.00279175970369267,0.0053475620224451475
165,0.039840706,0.040589508,0.050765898,0.002808535770071525,0.005653301978868615
166,0.034392465,0.036908627,0.046107072,0.0029341656602155926,0.007339827868249472
167,0.0224303,0.02939244,0.039853536,0.0027936767568484885,0.005554593681479355
168,0.028384028,0.037861306,0.054768894,0.0027990216777032425,0.011890776002970562
169,0.017870128,0.023437921,0.029984036,0.002782473038724186,0.004917882713606262
170,0.0344252,0.042611383,0.05569284,0.0028025875017349093,0.0062190303235125375
171,0.023927761,0.024680398,0.035063997,0.0028095448682500385,0.00607472413947137
172,0.02721057,0.03889907,0.053587113,0.002791376933098731,0.005492198298218798
173,0.021262268,0.025230628,0.034623183,0.002780281398533617,0.005494453541899447
174,0.018983876,0.018917808,0.02493883,0.0028021878525212917,0.0049010586874607244
175,0.020608671,0.022942703,0.029425403,0.002787641925500391,0.005028750042049125
176,0.03807524,0.038754217,0.050598152,0.0027982934081183775,0.0059224303056377966
177,0.03312796,0.034170855,0.046019167,0.0028846147678482383,0.005997651607835225
178,0.016060106,0.017928906,0.024393199,0.00276928235780813,0.004813645387696719
179,0.020240815,0.026717354,0.033954952,0.0027896769043741646,0.005081537648618949
180,0.025027916,0.030986762,0.03929604,0.0027849826015472145,0.005423812209951202
181,0.027731575,0.028281672,0.03659426,0.0027867217749242518,0.0053752682235146945
182,0.043484747,0.05326579,0.06593654,0.002818128543768932,0.007468330054980285
183,0.02895712,0.034030367,0.044703484,0.0027951392809720727,0.005421380772205519
184,0.016853401,0.02079895,0.02573616,0.002785485414831725,0.005082380107550742
185,0.01623967,0.020301187,0.027712256,0.0027781048994123115,0.01810295281619646
186,0.038560122,0.04612641,0.06065665,0.002848167269844417,0.012321343210260998
187,0.042446863,0.050706826,0.067368,0.0028057726659025087,0.013011503303557647
188,0.022864625,0.024074672,0.034297932,0.0027964934303313918,0.004855759365893552
189,0.032810085,0.036302917,0.048203323,0.002800516643032251,0.0058508673177467396
190,0.031754527,0.04075299,0.05549867,0.002793275509742209,0.008027199322223495
191,0.016450685,0.023277218,0.029714573,0.002767529507007033,0.004789486566615268
192,0.025665497,0.031528782,0.042450238,0.0027818063510066035,0.005238291157365892
193,0.0370078,0.036405366,0.04643548,0.0028107494632517225,0.006580103300370146
194,0.03313463,0.040320214,0.05478676,0.002788517798526772,0.006599139766113213
195,0.0420367,0.05412427,0.07568444,0.0028226934337797194,0.008992113044199111
196,0.015335244,0.018941151,0.025297167,0.002774968985762002,0.004814093426968574
197,0.044874415,0.044465367,0.057496402,0.002834428216410029,0.007054196766578278
198,0.019432284,0.021400668,0.029852496,0.0027682807507611066,0.004839422688962376
199,0.037521236,0.04524835,0.06302046,0.0028205399377850366,0.007722835393665597
200,0.024645,0.032043956,0.04210607,0.002834337263346246,0.005444251925995015
201,0.054048497,0.06547095,0.07521014,0.0029377325233368046,0.010714411193538831
202,0.022503294,0.0275337,0.038020108,0.0027806049322852333,0.0053853680167713315
203,0.017811593,0.022602443,0.030286977,0.0027866132508552765,0.0049434640740123464
204,0.029158453,0.032580122,0.044329166,0.0027866198937346216,0.0056573652969227825
205,0.04480388,0.05627918,0.07563946,0.0028304170610736487,0.008506153825511004
206,0.049710125,0.058554217,0.07517344,0.0028317630733300614,0.008794014991666184
207,0.027880348,0.032429565,0.04370487,0.0028896744938600814,0.0049516669636305265
208,0.058604084,0.05882856,0.08738752,0.002880163617260046,0.007991754731116723
209,0.019175982,0.019521449,0.025464049,0.002785676843011401,0.00503434583688993
210,0.021290427,0.026112039,0.03345707,0.002790565925400348,0.005290636491703003
211,0.02346538,0.032758594,0.04497065,0.0027851507736782514,0.005910281889898658
212,0.021106128,0.023765607,0.030391421,0.0027844763010596834,0.005387214924911882
213,0.025413282,0.030842006,0.040268064,0.0028000608514130157,0.008236180347770648
214,0.01611328,0.022973256,0.030291228,0.0027736383089993883,0.004804326731283005
215,0.023218935,0.030203357,0.040471036,0.0027975905024573556,0.006478861634349787
216,0.02695244,0.028037738,0.039899454,0.0028109102518656813,0.006009851828641805
217,0.022687592,0.0315494,0.043370128,0.002788003904368572,0.005002454556808469
218,0.044034526,0.057261977,0.07495257,0.0028524364445385434,0.010341141566985144
219,0.017807718,0.02210456,0.028014163,0.002787962566354107,0.0049331000511580415
220,0.036890395,0.05466448,0.07243701,0.0028107373124338047,0.0060754201187865915
221,0.023562904,0.037762165,0.052438837,0.002807843890071593,0.005185829635057223
222,0.031022593,0.037203886,0.051945042,0.0028030425053066793,0.005882269285501162
223,0.030639814,0.038093198,0.04916992,0.0027880180335736553,0.0055830409784545995
224,0.03966563,0.05075176,0.063665956,0.002829704816711919,0.01113702815446949
225,0.018934166,0.023632508,0.028991329,0.0028045021825076613,0.00488904841663678
226,0.04000567,0.045903105,0.06387867,0.0028437202429964434,0.006228372942005734
227,0.045255493,0.05468953,0.07332215,0.0028380210990490307,0.009407326280233658
228,0.024744498,0.040925205,0.05574003,0.002790444112359028,0.005147590869431329
229,0.0152369905,0.0154769,0.019110005,0.002770144300260058,0.004839927359719762
230,0.050589457,0.054822266,0.075824305,0.002843452693485754,0.009477649156492922
231,0.022481412,0.02683191,0.03391179,0.002779406413783173,0.005014132604389575
232,0.03612106,0.037144896,0.048359036,0.002824888184194834,0.005857455088201758
233,0.016334064,0.021121949,0.027118497,0.0027857834703899787,0.009045438607923399
234,0.01828495,0.019035043,0.026522683,0.002797073068702974,0.0051034024281981305
235,0.021148624,0.023038933,0.03284447,0.002780714863785122,0.00528076496489036
236,0.017338183,0.020666793,0.0259499,0.0027972680555723804,0.005013476393932367
237,0.021876296,0.027614255,0.03620007,0.0027954610120438273,0.006609864144708595
238,0.033704095,0.04061686,0.050836384,0.002792776166394672,0.007498525515236074
239,0.015578965,0.016514506,0.021272952,0.0027745234093694976,0.004805652173917477
240,0.02476291,0.027038611,0.036090765,0.002801994506069096,0.005031965144225153
241,0.039531626,0.051116724,0.06444941,0.002851740869464417,0.00607270582739036
242,0.032571334,0.039274726,0.050311342,0.0028088598990683097,0.005867328664536393
243,0.0508595,0.073107794,0.096337624,0.0028664123928101456,0.0070106499146468885
244,0.016953975,0.0200156,0.02531275,0.002778840048463253,0.005230063693800653
245,0.028948722,0.03989237,0.05327851,0.002822405189404387,0.005663771075335821
246,0.029333215,0.030866437,0.039518334,0.0027876101653074668,0.00587532568764195
247,0.015893893,0.016879424,0.021296062,0.0027708412962656687,0.004901606719184722
248,0.028583882,0.031974748,0.043098833,0.0027924464946746256,0.005662696159368102
249,0.04578329,0.051911544,0.067919984,0.0028190862884187335,0.0068932297839878615
250,0.03626965,0.036267854,0.04636079,0.002799990626025998,0.006039765220966159
251,0.025843458,0.028990507,0.03664717,0.002783316396534732,0.0053088720300219815
252,0.018384645,0.026940342,0.035255957,0.002783476124480164,0.005145055653524924
253,0.03310092,0.03773758,0.04945537,0.0027887604055314608,0.006370034979845017
254,0.032087583,0.040719263,0.0553156,0.002794772960420402,0.005275225405419281
255,0.025826005,0.028541725,0.037412323,0.0027853047503094428,0.006069973058179916
256,0.016535249,0.024552988,0.03291744,0.002817144990350918,0.004808985253551132
257,0.032764997,0.034363832,0.041738812,0.002812907997752783,0.00993488797604797
258,0.030514415,0.03191312,0.040829983,0.0027934329817599756,0.005267959092573249
259,0.017731402,0.019890698,0.025777802,0.002791564718172749,0.005255177648423997
260,0.02601222,0.03011607,0.038582664,0.0027931811043466603,0.005598911628790408
261,0.02963744,0.03073751,0.039790943,0.002787849020140441,0.0054046307415111985
262,0.10432664,0.11813259,0.15084153,0.0030163033548950523,0.016779630342282175
263,0.017289206,0.018095044,0.02316723,0.0027732134431288926,0.004860867899644294
264,0.023038499,0.024928788,0.031535663,0.002789809445240601,0.005056074598513606
265,0.030475749,0.03018613,0.04234722,0.0027734491475778257,0.004793773700983791
266,0.02481414,0.02748136,0.036642294,0.0027869818740858237,0.005924703879146966
267,0.051625147,0.056820806,0.07887769,0.002848726454857492,0.010111856816942136
268,0.01927667,0.027151098,0.035225995,0.002796119535010477,0.004894048834352527
269,0.039297726,0.04156256,0.05388131,0.00281331992437651,0.006194310482782561
270,0.02184036,0.022797553,0.030659517,0.002844010601105219,0.00501641869174743
271,0.040818106,0.048683103,0.061073076,0.0028418701241001232,0.011164010910072991
272,0.063951604,0.062771715,0.07980166,0.002864268429255471,0.013693578700721014
273,0.019738913,0.020669417,0.025077946,0.0027906957418444055,0.005026706086545723
274,0.025512222,0.025949752,0.032080483,0.0027804023205319573,0.005124924932543791
275,0.025939573,0.026603272,0.03145802,0.002821153388085232,0.006393069551188184
276,0.017119069,0.024177667,0.029894577,0.0028626583966341644,0.004945181168100871
277,0.022149824,0.021974413,0.028801417,0.0028076443739650362,0.005338694760414874
278,0.015262927,0.01568269,0.019075312,0.002771351308052275,0.00491437973133961
279,0.03051362,0.028891798,0.034020618,0.0027983632572472564,0.007359435566157026
280,0.08252535,0.084394984,0.08264199,0.0031453382752134533,0.022072428589599315
281,0.039370067,0.038767356,0.049389716,0.0028190900535575237,0.007195580321739231
282,0.06467206,0.06445661,0.075338215,0.003127975652777823,0.019697994779360576
283,0.057276875,0.06244265,0.07574875,0.0028720013316666884,0.010126761721734122
284,0.031027392,0.032677084,0.040635537,0.0027995484764800718,0.005849844078813289
285,0.028594315,0.029848851,0.03862042,0.0027977616813407028,0.005227563358674702
286,0.04935527,0.04790815,0.06504927,0.0028432768960996876,0.006485929886793798
287,0.07933448,0.07776951,0.1022159,0.0029887613038729766,0.014679405835213112
288,0.13302828,0.14889973,0.17627248,0.003478420665692066,0.02537871528169466
289,0.050755255,0.05173028,0.06391988,0.002876244446651301,0.012404257922079566
290,0.029275652,0.029572755,0.04081381,0.0027877166433882,0.005683101848624689
291,0.0327185,0.04560508,0.06340968,0.002799056928647069,0.007029260568255623
292,0.09754724,0.10031531,0.13574836,0.0030800749152093704,0.03947911812383433
293,0.044925302,0.046030466,0.061670728,0.0028586083053297887,0.009921163015889238
294,0.020340793,0.020829847,0.027878532,0.0028057212573845795,0.00516519336071042
295,0.02725916,0.028546961,0.03752988,0.0027871482328804703,0.005292566418104572
296,0.068573594,0.06603859,0.089225784,0.0029427927133342546,0.010733327873873488
297,0.07862404,0.07991189,0.11837898,0.003234661000220195,0.04939109603551328
298,0.089532904,0.08709927,0.13510758,0.003069587364323024,0.02421277893317601
299,0.018818894,0.020908363,0.027265714,0.00281317507708944,0.004868511647796981
300,0.06818378,0.063518085,0.08497227,0.002918434029171428,0.01311755990522715
301,0.025540803,0.025981646,0.03256289,0.002781642642216986,0.005232984800016126
302,0.08183455,0.07976027,0.08148204,0.0029251147449786464,0.011289454305320638
303,0.044189595,0.044279598,0.051212203,0.002822956239393286,0.0068834321684460254
304,0.045482084,0.044154093,0.050377887,0.002873032011481965,0.007909362748920928
305,0.019665295,0.019264538,0.023979915,0.002832487150614261,0.005026091450421303
306,0.0147395935,0.0144532425,0.01747104,0.0028075291529944518,0.005618887694127441
307,0.022573175,0.021413524,0.02634984,0.0027694718544505853,0.005183014963407937
308,0.0322967,0.031924788,0.038330715,0.0027914072887316017,0.005778422803415267
309,0.13805823,0.14896822,0.17840765,0.004454790468185345,0.03724388030470292
310,0.07198836,0.07706982,0.09013651,0.002909337971878221,0.00943984724418242
311,0.06424776,0.068025805,0.07645167,0.002852340043063133,0.009351022992339112
312,0.056618787,0.06331804,0.07963251,0.002887825538296319,0.010717902759686405
313,0.03400873,0.03564675,0.043688152,0.0027999471870431324,0.007335733630929352
314,0.019850912,0.020283787,0.024654835,0.002774547086351041,0.005259585357104467
315,0.019384354,0.019702213,0.024200171,0.0028024049091685136,0.004922551230162987
316,0.01663487,0.016622914,0.02012938,0.0027735644995429466,0.0047967255849087715
317,0.031412274,0.032613542,0.041434746,0.002786923071483039,0.005682115924020856
318,0.027940346,0.027645985,0.03526252,0.0027812769747175546,0.005556090768182665
319,0.029680325,0.030499242,0.037951525,0.0027884747117360954,0.005330210760749967
320,0.033075407,0.03346962,0.04132332,0.0028008213600583683,0.009007177895040526
321,0.04616325,0.047823105,0.057064474,0.0028376583914872743,0.00960411600367769
322,0.044673633,0.04601869,0.05049741,0.0028235036651942263,0.008308888200106064
323,0.039329123,0.04113667,0.051075295,0.0028268663047014237,0.007485182023545906
324,0.06316036,0.06973838,0.08917742,0.0029835369319705096,0.008682983294618071
325,0.017343514,0.017819075,0.022754202,0.002787626034754251,0.007517830268847118
326,0.025324168,0.02624731,0.033315692,0.0027766500130195415,0.004999551065882975
327,0.09076442,0.107954964,0.13323963,0.0032254853718420417,0.016590254630934036
328,0.039083328,0.05150784,0.06503995,0.002813428669800275,0.010123759095004365
329,0.016239868,0.01834428,0.025055515,0.002806529979316785,0.00481608683668165
330,0.030282829,0.03508379,0.04421373,0.0027879517037274716,0.0065077396854464785
331,0.014247753,0.014586017,0.018865507,0.002833042605536935,0.004776098449283215
332,0.052880086,0.053284295,0.06163694,0.0028590028438282076,0.011300644941834042
333,0.055802625,0.055795483,0.067590475,0.002890107402343324,0.008798496110524925
334,0.029328093,0.027369,0.033533912,0.0027928146142408984,0.006901621297752813
335,0.015480627,0.015255283,0.018652009,0.0027781703265975293,0.004844046544331738
336,0.021344036,0.02056512,0.02530188,0.0027854240867381777,0.005308711020875327
337,0.02827988,0.02795503,0.033381872,0.0027894209498429126,0.005516636159542727
338,0.12161479,0.1252363,0.14658125,0.003114098028466189,0.019903095137481362
339,0.02741307,0.027975013,0.036253974,0.0029162152360126246,0.006574929828869134
340,0.018192528,0.017584655,0.020996656,0.002789808735979746,0.004930708851213206
341,0.094740435,0.09964932,0.11494898,0.0032560879622951094,0.017873532236926424
342,0.09607169,0.10000732,0.11566741,0.0031172901299819753,0.02017243256007818
343,0.07426959,0.07814859,0.08164143,0.0029586893104296425,0.01459153258798545
344,0.05120109,0.053312697,0.06252438,0.002856467260683543,0.010404744288292297
345,0.03150296,0.03045015,0.03725879,0.0027934477240311667,0.005666218409937439
346,0.024400275,0.025410354,0.032071028,0.002780205791635658,0.005553001603456421
347,0.036287826,0.03462396,0.042671256,0.0028225490090746626,0.006624874847956316
348,0.026888233,0.026501684,0.032008644,0.0028249912995669344,0.027345466069042337
349,0.030188072,0.031206403,0.039636623,0.0028151532762133377,0.007669866445867177
350,0.014556675,0.01504856,0.018891474,0.002788609748534631,0.004810445337843121
351,0.01900095,0.019510921,0.024930825,0.0027886551869140746,0.005065013579493896
352,0.066570565,0.07866335,0.10725655,0.002919835959485823,0.017805428461656156
353,0.031664036,0.032465976,0.03995578,0.00279490503518818,0.005971965726483366
354,0.04373067,0.04336001,0.057034183,0.0028577817172885755,0.009776993928769963
355,0.099362835,0.111894235,0.14044595,0.00307510980127234,0.01861429469640008
356,0.040005762,0.044477135,0.05735933,0.0028163340093889113,0.01903090940648579
357,0.020429278,0.020308897,0.026452236,0.002779693753287304,0.004971660858452019
358,0.019633196,0.019637201,0.02555772,0.0027739224493815444,0.004958349961295944
359,0.020683885,0.021885855,0.026989087,0.0027874530391322973,0.005386882227681557
360,0.03310826,0.033000596,0.04077462,0.0028036317834520793,0.007499868922866513
361,0.028114678,0.030768922,0.04269872,0.0027963036385728938,0.005552471275886517
362,0.066773765,0.07113274,0.09677881,0.0029640785817168502,0.01073496945444154
363,0.029698057,0.030247496,0.03899047,0.0027961340663631433,0.010255818881778617
364,0.036214218,0.038155995,0.052743968,0.0028580640579762106,0.007791782112998347
365,0.045907054,0.04533173,0.067878745,0.00285001506247241,0.008307890396305402
366,0.03844994,0.03906131,0.048817687,0.0029110883652571254,0.006643644785788635
367,0.1075309,0.11859643,0.15892504,0.0031816969931773896,0.02524928736607761
368,0.101800315,0.11090198,0.15417367,0.0036579569132689106,0.0408519453342037
369,0.03709735,0.03610973,0.04274628,0.002797810311345678,0.006383378000736453
370,0.028678171,0.028662752,0.034712207,0.0028435523713209493,0.009304212209083399
371,0.014806211,0.014383071,0.017696,0.002777643154037457,0.004837785055258544
372,0.018355375,0.023303902,0.030712819,0.0027762158933210316,0.005886128744837787
373,0.03207761,0.03560861,0.044078786,0.002812175427752844,0.00700731148038129
374,0.019683657,0.020104151,0.025560856,0.002794156104584951,0.006664170720770793
375,0.016711105,0.016805759,0.021461478,0.0028384488135408934,0.005525715238901805
376,0.0658305,0.07433386,0.09629158,0.0029271436739065396,0.01083064514400399
377,0.035667256,0.03541995,0.045757294,0.0028512448353462637,0.007559802730375346
378,0.02312203,0.023003647,0.029514568,0.0028068862254544773,0.00556994919937949
379,0.03686338,0.03814764,0.04761685,0.0027991977365866426,0.006141566644646041
380,0.018633557,0.019439299,0.024863014,0.002797428088231653,0.030254762212877425
381,0.019685,0.0196424,0.025743704,0.002793809483352074,0.0049045842999285135
382,0.055968538,0.05624131,0.070708066,0.002974215594681353,0.010320286507278347
383,0.10264051,0.11161536,0.13538519,0.0032478967863899724,0.01778498627254859
384,0.023977729,0.02407448,0.03029418,0.002786988452840732,0.005128257421947758
385,0.025510203,0.025494859,0.03196516,0.002779905190905098,0.005588275236761542
386,0.121102475,0.1278999,0.1606593,0.003405397419054626,0.016754326950655575
387,0.022624712,0.0219979,0.027527248,0.002780279857408846,0.004975502089127332
388,0.02612595,0.029196858,0.03961464,0.002814229831115018,0.005232899407265794
389,0.024195854,0.024824617,0.03537266,0.0028062886450756193,0.005184504782026757
390,0.023016596,0.024776079,0.034095652,0.0027870194445204716,0.005054811674602541
391,0.039853174,0.04214134,0.059131496,0.0028068290911846525,0.007420701490396865
392,0.027619073,0.029787762,0.041212168,0.0027950063143712257,0.005396000478219764
393,0.020541064,0.02363073,0.032702528,0.0028088539466448728,0.0052003176429413
394,0.13655026,0.17504384,0.26055837,0.0032048249858276346,0.03329813424090218
395,0.037049856,0.037350535,0.046514552,0.0028019617624095703,0.006557369767521095
396,0.0319608,0.03248586,0.043825205,0.0027958445882615614,0.005522839035202255
397,0.02503824,0.0257986,0.033382546,0.002791616480574751,0.01000263373190149
398,0.033884156,0.03557543,0.046140686,0.0028430618128129936,0.009656662962263423
399,0.029850498,0.030142741,0.037582092,0.0027946563901188504,0.011185065930878027
400,0.024277188,0.026522687,0.02755898,0.0027804369234287526,0.00637068936864377
401,0.07144856,0.072234735,0.09285483,0.0029427495502987043,0.010507300016596815
402,0.01565228,0.015692875,0.019585192,0.0028068796063646026,0.004859629609813466
403,0.04163961,0.041697867,0.053822298,0.0028403271540809404,0.012771283798799066
404,0.019731892,0.01964412,0.025514744,0.0027843490944908593,0.0050482571714812186
405,0.018243037,0.018791806,0.0245242,0.002807359591377249,0.004953776008636664
406,0.06961539,0.06996017,0.08971166,0.0030426425618140006,0.010727934866808482
407,0.017429633,0.019572351,0.026298884,0.002787310843109151,0.020929948094643595
408,0.03881122,0.036886234,0.04917677,0.0028544155734843792,0.030033869685648626
409,0.02161114,0.021970145,0.028559975,0.002790647354351132,0.005393772955393812
410,0.03022418,0.03003295,0.03976052,0.0027976921882218943,0.006797675847805241
411,0.029745312,0.028784255,0.038562905,0.003120493003985242,0.06483721426121697
412,0.10785154,0.14476979,0.21625707,0.003076985985581011,0.016188806096296356
413,0.059595928,0.083286345,0.123952664,0.002922421328541975,0.010664162597423707
414,0.036209174,0.039561853,0.054768827,0.0028303229026382616,0.006885077705958079
415,0.024265783,0.026107883,0.035609078,0.0027965988958100715,0.005546074893423909
416,0.019151334,0.020993706,0.029443515,0.002783839133661885,0.005169141118752486
417,0.036361538,0.039375976,0.05426907,0.002812810276202059,0.0059549064302555485
418,0.024418835,0.026372148,0.036217485,0.0027845360109585385,0.005335039895418737
419,0.019155256,0.01949849,0.024930239,0.002782484868115595,0.004898043617325428
420,0.057859868,0.0531653,0.07675081,0.0028790245610034546,0.007919996106895769
421,0.031726386,0.038870007,0.054174993,0.0028060134418361206,0.005430456791001125
422,0.073749855,0.14911006,0.2200843,0.0029086718890352224,0.019732463854466354
423,0.036194544,0.03814567,0.053058375,0.0027990516755652317,0.009592920274174065
424,0.08932246,0.11068173,0.16173361,0.003282920241074908,0.0251492065385891
425,0.048773777,0.0538725,0.077767976,0.0028367944550385664,0.007479182903661768
426,0.018869145,0.02282711,0.028433526,0.0028232403816139014,0.004950738223002114
427,0.026760655,0.034640223,0.038145214,0.002841390002085863,0.004970487241195845
428,0.08727825,0.09093161,0.11174581,0.0030043771521072026,0.015421196063618027
429,0.031352166,0.04447112,0.051193103,0.0027827712899403676,0.0053426070702266735
430,0.031263072,0.034763966,0.04248409,0.0028085872971937063,0.005887899982389332
431,0.026750656,0.030296888,0.037958328,0.0027980449287974664,0.005277514260205595
432,0.06033992,0.0682368,0.08915072,0.002865289105870988,0.009208683095564855
433,0.029276991,0.031779762,0.040116884,0.002786868683052489,0.008938784670996056
434,0.021523865,0.022783464,0.028904043,0.0028108319066938122,0.005491709346264287
435,0.081934445,0.09283826,0.11666549,0.0031218708967516075,0.01758175845185089
436,0.021644762,0.02726947,0.035014015,0.0027877963761254437,0.005304432691456751
437,0.038575374,0.043401554,0.0566598,0.002808038586414799,0.006138461086058221
438,0.02392027,0.025191013,0.031744696,0.0027834515094605603,0.0053548822079047265
439,0.07688811,0.09008984,0.11790025,0.0029830627399423364,0.017594723453063774
440,0.015217528,0.015001943,0.019006254,0.002771341365413035,0.004805887153176954
441,0.055184044,0.05422335,0.06529447,0.0028383276483442185,0.007042045446743907
442,0.029527523,0.03156822,0.040152267,0.002788679676331689,0.005304259213479314
443,0.031060828,0.032382637,0.03969713,0.0028013004114584997,0.00550573178421345
444,0.0605582,0.071872875,0.09433937,0.0029183580198510455,0.009592729209642244
445,0.01588546,0.015593715,0.020479713,0.0027930731286374324,0.004785745625209773
446,0.031562876,0.030164193,0.037945583,0.0027910123521407417,0.006395763742391276
447,0.019562617,0.019111615,0.025459908,0.0027931267310067295,0.004870123094530361
448,0.014126514,0.01403397,0.018431185,0.002767310411290182,0.0048419458936807365
449,0.13105844,0.14308539,0.18931365,0.0041304412328358135,0.039216083410506516
450,0.036079768,0.035928033,0.047382407,0.0028203466101997072,0.008564340140978472
451,0.026063822,0.025988251,0.03296763,0.0027802771449848165,0.0062740613585955795
452,0.045568638,0.048913807,0.06260572,0.0028359880252885484,0.007160931205718849
453,0.06154628,0.06502117,0.086228654,0.0029497006727884343,0.008716950167786092
454,0.034174964,0.034058206,0.04478026,0.0028481132724560076,0.006135588908611171
455,0.06340428,0.064178206,0.0886471,0.002899701335146146,0.014141778613786288
456,0.025868002,0.025081376,0.0328546,0.002793957897053449,0.0062379778788181905
457,0.025535762,0.025248038,0.030757653,0.0027824928333069136,0.006429836234096854
458,0.042282805,0.03963597,0.0519291,0.002842423411006814,0.006279818607805309
459,0.02144864,0.020109948,0.026450874,0.002778585818592266,0.005809820688146171
460,0.019707868,0.019653259,0.023919683,0.0027878713810258102,0.005353135436216191
461,0.04813837,0.041029684,0.056750793,0.0028258572187894395,0.005933617989545617
462,0.053847976,0.048040822,0.061403852,0.00282001497209267,0.007403803590899723
463,0.048073307,0.04642137,0.06074514,0.0028870403973474167,0.006706854961390723
464,0.04380851,0.041618433,0.054589383,0.002833265329207372,0.00627646935489077
465,0.025951458,0.02514399,0.03257498,0.002909944613395465,0.059819918115269786
466,0.112436555,0.11673074,0.15747039,0.0032668561027593152,0.02065207181192444
467,0.035682693,0.030555468,0.03955863,0.0028043843375386798,0.00568251856018098
468,0.04801392,0.0491266,0.06158131,0.0028842888594974906,0.013896229689868814
469,0.0786357,0.07531843,0.09695157,0.0030051012701400514,0.009318608429160219
470,0.022503233,0.022101102,0.032198414,0.002798513280288924,0.00535695317027088
471,0.015818153,0.016312363,0.02234354,0.002777968987481836,0.010466035820795626
472,0.015604697,0.015147358,0.01972219,0.002778911702400944,0.004816555422214793
473,0.051230483,0.052755896,0.075004116,0.0028586999398477505,0.010173506938863678
474,0.03092465,0.030978542,0.04241963,0.002846888476564214,0.009733603697635184
475,0.04303479,0.04085804,0.052685708,0.002839008638778722,0.010387003153918646
476,0.017701298,0.015552329,0.020955592,0.00278119662887699,0.005005401848121904
477,0.0392698,0.04051297,0.05545609,0.0028791329859757854,0.015597143527174296
478,0.028064536,0.029610336,0.041615132,0.0028558926053843317,0.008487195092167051
479,0.02430644,0.024908854,0.031965073,0.002794880902980088,0.005415995488228235
480,0.0425028,0.040129837,0.053000577,0.002835324406418525,0.005889927794922181
481,0.021152994,0.021172721,0.029238245,0.0027911529086843668,0.005304002777082256
482,0.0740457,0.07486664,0.10592903,0.003054386821742301,0.020875592952523937
483,0.040134184,0.044010703,0.05300069,0.0028127909832119536,0.012747182875396045
484,0.029665902,0.028587667,0.03762752,0.00279741668413682,0.007089262170695468
485,0.020403484,0.019969521,0.025188237,0.0027935268248286795,0.004867348772969784
486,0.11766774,0.1683831,0.25067323,0.003683872773766035,0.017932759583999994
487,0.073748484,0.0798135,0.09552206,0.003252312026505305,0.02897720696587914
488,0.021599345,0.023170283,0.029989,0.0028471921133294614,0.0063205997991276205
489,0.073844574,0.0738765,0.09589131,0.0031099297286619016,0.019433264725966005
490,0.029439205,0.028098913,0.04204505,0.004246583893971034,0.044088019989392886
491,0.022512607,0.022116907,0.030454332,0.0027986269607646365,0.008568941852674797
492,0.022333182,0.04668552,0.066270694,0.002800322504535449,0.005107517478153297
493,0.055637445,0.066375084,0.09615985,0.0028599332381076146,0.008893473609914916
494,0.02507026,0.03121646,0.04541028,0.0028125536169900526,0.006631202531724151
495,0.025453882,0.04019365,0.05439731,0.0027878666058214784,0.016120667467084116
496,0.024368713,0.033493545,0.043215856,0.002793828417498676,0.005493779595131404
497,0.05032101,0.065640315,0.088031836,0.0028449500872365758,0.018431688315669912
498,0.017504226,0.023855679,0.03312504,0.002789508765582473,0.007489551668060977
499,0.035612293,0.043815136,0.06482415,0.0028426579577942586,0.006322527891130088
500,0.03532341,0.043283097,0.058495995,0.0028308956868857245,0.016193968025704678
501,0.020170996,0.025870169,0.034918718,0.0027844874645063544,0.0055778828044784744
502,0.036331687,0.04572845,0.066442855,0.0028184500768134555,0.006786827670924253
503,0.028535467,0.03575695,0.050111897,0.002810780451192796,0.005398056256753236
504,0.01556961,0.018888762,0.025841745,0.002773866748622223,0.004779105704663672
505,0.026368763,0.026258936,0.030181373,0.0028239153374925597,0.010982075692019533
506,0.021605793,0.023025285,0.031749852,0.002822650861127862,0.007319594673958045
507,0.023079364,0.021225125,0.027951904,0.002809445512231695,0.012022483043850752
508,0.035434786,0.035983033,0.046775416,0.0028295150396651443,0.024425084115119473
509,0.01884948,0.01923797,0.028507352,0.0027700871250879496,0.005057661403777206
510,0.026187556,0.026685763,0.03823852,0.002881070336752924,0.005121483125080173
511,0.02418363,0.023088014,0.029890718,0.0027915443093227523,0.005320000964937523
512,0.052611064,0.043943744,0.05852024,0.002853012333300549,0.017326460118503532
513,0.031486887,0.02779328,0.03779077,0.0027989271643782255,0.006881849053381184
514,0.021116406,0.019954626,0.02535961,0.002795636680606354,0.006404477435332105
515,0.021810966,0.027574146,0.037663132,0.0027979994636426076,0.005917573703528444
516,0.02308784,0.025049651,0.03545464,0.002797411277669393,0.00762699576378981
517,0.019552665,0.024332838,0.03155257,0.0028364572998968904,0.011601834961600293
518,0.016253995,0.017849788,0.024200253,0.0027814283012688253,0.017044614519447734
519,0.023931384,0.02815812,0.044176664,0.0028021349218690364,0.00620353771924912
520,0.025417438,0.030634658,0.041423097,0.0028023351024217954,0.007325876311811718
521,0.027308913,0.036044855,0.048357364,0.0028262382368822647,0.005763661209864715
522,0.02509893,0.0316972,0.04980392,0.0028605640693391246,0.012961581016864836
523,0.020417795,0.0241437,0.036810517,0.0027944851671158673,0.004920718073270663
524,0.01673419,0.02148666,0.030475952,0.0027854113013263395,0.0067698495763357834
525,0.024700155,0.028841155,0.040262494,0.0028147692046409595,0.00616902259265769
526,0.017505223,0.024601566,0.033834264,0.0027848192040320534,0.007224995972429716
527,0.03618455,0.038407307,0.048819773,0.002807545424952295,0.005156141805648493
528,0.016485235,0.021264644,0.02884314,0.0027848334122996085,0.005528761660009882
529,0.015153144,0.01904981,0.02575308,0.002773188717015071,0.0052727760893162305
530,0.020566622,0.025889188,0.03572307,0.00278240818956355,0.005076540103167159
531,0.034006696,0.04210535,0.052900076,0.002947242157363995,0.028080453215746988
532,0.054285683,0.059265032,0.074125044,0.0031032277426246116,0.059700082906254316
533,0.0928717,0.102999434,0.1360704,0.0030568916707243176,0.018788539975900576
534,0.05868608,0.06224022,0.08553012,0.002996619705841726,0.012614996292222878
535,0.016721105,0.0163201,0.021000037,0.0028272040295260646,0.005060211937616934
536,0.020416565,0.020282205,0.025350101,0.0028255579624715775,0.006193565897445473
537,0.020047056,0.020540334,0.028839393,0.002823463689014408,0.005010878606201505
538,0.04476674,0.044722524,0.058051568,0.0028637212476358234,0.008225838328301491
539,0.071075015,0.075603865,0.1028035,0.003427120166959101,0.01283177318962302
540,0.01366199,0.013288164,0.017187022,0.0027698574789368673,0.004864425090304276
541,0.018269187,0.017595248,0.022899622,0.0027928630523016344,0.005430510805382049
542,0.03605266,0.03260151,0.042631082,0.002821090284076447,0.006878087484149117
543,0.023417069,0.023873882,0.030430496,0.0028897875569176596,0.044411996681122515
544,0.030797413,0.03379623,0.043775946,0.0027974133191249334,0.006089685371644304
545,0.08408145,0.086149305,0.10720053,0.003531317743328351,0.02672972505929276
546,0.021926159,0.023823373,0.030245489,0.0027962780918600865,0.013435059568703245
547,0.08353353,0.09644374,0.118682116,0.0030320144501450354,0.014508674940520033
548,0.057312444,0.075246565,0.0917803,0.0028630695025822074,0.008536554201511146
549,0.066643044,0.07390432,0.09949001,0.0029480436686550324,0.01581997041278158
550,0.11161105,0.12381514,0.1680593,0.0031817425984370065,0.030687374176902243
551,0.09097033,0.096873894,0.12985924,0.0031547843734666217,0.022522758010730833
552,0.019070016,0.01982415,0.025516653,0.0028114550993844044,0.006297503041182915
553,0.01985783,0.021874499,0.02800712,0.002803960946830884,0.004914852427337613
554,0.03922278,0.040975247,0.053125966,0.0032287419768890907,0.008157524710874883
555,0.028409949,0.028329872,0.03508547,0.0028497708790040355,0.005467043042234756
556,0.03316135,0.03356413,0.043509472,0.0028789760068513317,0.007134795899052843
557,0.020855999,0.021115774,0.026280206,0.0027816952420057174,0.005084725083078696
558,0.0539001,0.060633875,0.08191066,0.0029075169821423876,0.01111521264332555
559,0.098126076,0.105340615,0.14472729,0.0031705222389171867,0.02034995752761437
560,0.027806228,0.028898587,0.037114825,0.0028129817288927023,0.005200658282031394
561,0.08347057,0.099593036,0.13070045,0.0030155340063130007,0.012218298863173566
562,0.042616215,0.0417864,0.052185096,0.0030148308420129477,0.01118392234815059
563,0.050187815,0.04913224,0.060494337,0.0028811317179436697,0.00993669265724293
564,0.017202368,0.017905328,0.025583826,0.002799807193215059,0.004849734323781101
565,0.12454797,0.13680834,0.21809714,0.0033132334304614456,0.034141852477649066
566,0.07093136,0.07889722,0.1006611,0.0031288817598004843,0.010588272824738357
567,0.018169416,0.020891083,0.028523296,0.0027764497592968197,0.012462791366761955
568,0.033293508,0.03786413,0.050833516,0.002818575362422183,0.008672666293953078
569,0.039142225,0.05322386,0.07394684,0.002841602229832576,0.013523503292134777
570,0.033364035,0.04290405,0.05435091,0.0027838875270430356,0.005457440733104474
571,0.032251414,0.03551236,0.04329842,0.002819089494013866,0.006476075632256643
572,0.07565054,0.07692118,0.09269781,0.0030433095911608123,0.018911638273055514
573,0.04653268,0.04409227,0.05008251,0.0029098457307833946,0.009893718885703921
574,0.03062922,0.03978813,0.052520506,0.0028304617420263213,0.005699229151706038
575,0.045594826,0.05731299,0.082589254,0.0028444079790464383,0.01852117268582518
576,0.029794754,0.031251904,0.042923752,0.002788342497666089,0.006471690849716604
577,0.017997906,0.024231268,0.031384833,0.0027791212325434128,0.004931795912150124
578,0.021871122,0.024074748,0.033251774,0.0027857935923783655,0.01420943072545748
579,0.01586339,0.020837914,0.029669335,0.002792075423088659,0.006408817757998482
580,0.016963743,0.01915369,0.026555214,0.002780171700352376,0.005045386260979685
581,0.015326777,0.017809667,0.024817426,0.002777199616526743,0.004913186652882038
582,0.022788152,0.03086692,0.041227747,0.002792055016613626,0.005326198634161569
583,0.020038184,0.03298872,0.045671828,0.002798814481087003,0.004952954825983254
584,0.039832313,0.046243336,0.06474859,0.0030153330116666796,0.004998446137201447
585,0.03796888,0.038384277,0.052151192,0.00283251036749533,0.008673404959462715
586,0.049565863,0.064621426,0.08642312,0.002858398876452644,0.010440551958327247
587,0.019144688,0.023622062,0.031189017,0.002774060199783234,0.004892139395350412
588,0.023247993,0.030596096,0.039791696,0.0028100715313083965,0.007855089647469789
589,0.025141424,0.05044027,0.07082598,0.002786692214725271,0.005630461751334126
590,0.027479721,0.057348363,0.08624799,0.0028018109482390715,0.005263523976140977
591,0.05384908,0.06982586,0.09991125,0.0030359496258837403,0.005951373013967883
592,0.031177271,0.036638282,0.05225312,0.002811699086978136,0.021934391633214905
593,0.019991951,0.027750595,0.038525403,0.0030122187448469607,0.006767848676562924
594,0.01782459,0.022421647,0.029569773,0.0027879773287833934,0.005055627020915313
595,0.015555454,0.019710355,0.026693735,0.0027988800976877152,0.029286274315424212
596,0.023452602,0.031004319,0.039011754,0.0027995269315794703,0.00611236728822125
597,0.043394044,0.05074917,0.07209958,0.002812306398995711,0.0070427062704685305
598,0.10439204,0.13296795,0.16633627,0.003118679057045429,0.01768036377486546
599,0.05502959,0.059215784,0.078735955,0.002890955864702413,0.009080415595589758
600,0.06731807,0.07392301,0.100106806,0.0029768175171326103,0.013956166257183704
601,0.018120244,0.02111168,0.029288296,0.002829695868756476,0.005356364720791839
602,0.017669996,0.022554237,0.03184275,0.0028022753594179666,0.006230982530746979
603,0.020606566,0.022522029,0.031450663,0.0028311482830685854,0.00622830077681041
604,0.050421234,0.05230411,0.07875143,0.002855412858341707,0.009421351109009752
605,0.028025052,0.03154439,0.04291485,0.0027926975584779156,0.005437442285314923
606,0.058249623,0.05888596,0.07374706,0.0028855793842228966,0.008890864065514937
607,0.03373893,0.032082327,0.040549323,0.0028077964447266253,0.005334467153643845
608,0.024649587,0.024072614,0.031172177,0.002786208556607021,0.005322634272151562
609,0.02971978,0.02889109,0.035620175,0.0028138344482574427,0.027165659582952032
610,0.015352342,0.014991544,0.0193641,0.0028073838207032242,0.00482381258962188
611,0.01706634,0.019328222,0.026486868,0.0027761700753964062,0.006258044726659991
612,0.025876505,0.027441524,0.037217118,0.002784503101689031,0.007857785020667342
613,0.023399547,0.031151757,0.041403256,0.0027968305312712164,0.005274077295680399
614,0.06699824,0.10071359,0.15202525,0.0030477728828853666,0.013957644548331491
615,0.021757657,0.03524388,0.051540047,0.0027886741747414085,0.0051117816925422875
616,0.023769574,0.027756665,0.04058238,0.0027973291451410475,0.004980346035918162
617,0.02597072,0.027879778,0.038301375,0.0028135752441230785,0.005296869300617337
618,0.037484672,0.04361652,0.060414303,0.002819541630439038,0.006533613151288242
619,0.016326623,0.023356413,0.03307259,0.0028015705970593115,0.004861648814057982
620,0.022389535,0.0253015,0.034831546,0.0027831523209263277,0.009518883360547976
621,0.018789513,0.020147348,0.027723225,0.002786448731966975,0.009988058543452106
622,0.02499184,0.030779999,0.041986365,0.002792077886528037,0.005375587711411865
623,0.02729321,0.03392584,0.046663057,0.0027968669550622904,0.005810783168282717
624,0.058921844,0.08631607,0.11396733,0.0029408112137444247,0.03688265157153923
625,0.019047545,0.024022458,0.03307665,0.0027957810648369863,0.010368276515059897
626,0.019050233,0.024818797,0.03198051,0.00293364437935034,0.009246300648506666
627,0.020283235,0.02764494,0.035759624,0.002788719101721042,0.005040237752322643
628,0.017177947,0.021587893,0.028457178,0.0028030713747056813,0.0049979072891443346
629,0.024267288,0.029567814,0.039138872,0.002782878936997035,0.005273237347175233
630,0.041203786,0.057547417,0.076434106,0.002827126873417592,0.010171777694256524
631,0.031158019,0.038293406,0.048775706,0.0027957617288020685,0.006540180096760621
632,0.021441797,0.028408548,0.036927447,0.0027989289244940456,0.0051701170695248565
633,0.05401764,0.075242735,0.096725196,0.002908512379949545,0.014367230137743357
634,0.06620883,0.08338955,0.10525851,0.0029254135733379023,0.013174783668398755
635,0.026727015,0.026354942,0.036740765,0.0028024901307196265,0.005822352510594639
636,0.025898062,0.033074412,0.041921083,0.0027985586448548033,0.025824675271799873
637,0.0274446,0.035470445,0.04658672,0.002827125260824651,0.006190555523633907
638,0.021560488,0.024772545,0.030603187,0.0027828685273041296,0.005119914127256312
639,0.04238206,0.05030426,0.062454857,0.0028055205142483827,0.00681343494002581
640,0.017431857,0.02222154,0.02833179,0.0027762805648660588,0.004845945954635887
641,0.017498713,0.024097716,0.031777192,0.0027855794549200437,0.004973249549030506
642,0.03154057,0.0397425,0.052854344,0.0028215864073499364,0.005641585265787691
643,0.03268142,0.039752435,0.05173971,0.0027992415353807524,0.005751853603850559
644,0.03251322,0.042295717,0.055673677,0.0028191517374488054,0.010015380353595588
645,0.027133955,0.036170337,0.048806634,0.00282005165448808,0.005548808329852136
646,0.01998138,0.02719279,0.03651097,0.0027962308687025663,0.004972997320080158
647,0.038875353,0.048293345,0.058561493,0.002826874830674911,0.0070047570302337455
648,0.07450303,0.0990078,0.13209522,0.0029938152348437026,0.012118868197252051
649,0.015635034,0.020431468,0.026485667,0.002773280913982554,0.005078248713594866
650,0.040656243,0.066684015,0.091547996,0.0027806593202223708,0.004840570695956388
651,0.046251234,0.05958155,0.07660838,0.0028297722750880855,0.0065722057565371335
652,0.0519055,0.062481705,0.07772199,0.0028616627240959473,0.006825102571110301
653,0.028216414,0.03111457,0.03793957,0.0028201522050702774,0.005233931853991448
654,0.017435255,0.023908079,0.02944782,0.0027688467479728756,0.004819078352310373
655,0.020715918,0.025402555,0.03227565,0.0027760620195768824,0.004926095164542538
656,0.0763649,0.08020218,0.101404786,0.0029410877222579707,0.016194590529674695
657,0.02727348,0.03330803,0.04378817,0.002795360160779459,0.00501597856021974
658,0.019559752,0.02379634,0.03023226,0.002768744351733952,0.005290843568212278
659,0.034990717,0.03996631,0.052616537,0.0028091240944338,0.009984474589159279
660,0.01563599,0.018145325,0.02265288,0.002769136378157841,0.004844515412351127
661,0.022683227,0.026769666,0.035294782,0.002772848049584589,0.005436350509413661
662,0.078452714,0.081375174,0.10280102,0.0030403560944016355,0.01501996941183023
663,0.019885575,0.024947207,0.030667223,0.002784299246171392,0.010632981001960168
664,0.018777173,0.02436801,0.032078404,0.0027905072606125548,0.005029914923115789
665,0.06549284,0.12032344,0.16660044,0.002892067083437343,0.012238927223882949
666,0.052812584,0.0843539,0.118133195,0.0028355316413741713,0.01071875434772987
667,0.027501587,0.033314195,0.0449133,0.0027965991340913195,0.005604098580368319
668,0.02231696,0.02816044,0.034474675,0.002776181494540407,0.004928120230191562
669,0.033580862,0.042769182,0.05506306,0.002799016533001034,0.005931773342321135
670,0.019432314,0.025883516,0.032156534,0.0027701063432426986,0.004841088757010075
671,0.049878106,0.055648897,0.069041215,0.0028319012661984877,0.007113859088881678
672,0.037376553,0.0440065,0.058935292,0.0028277298533024584,0.018832736680084224
673,0.024325874,0.028662905,0.035686333,0.002785397853477561,0.00531097596623133
674,0.027409332,0.036087126,0.045141146,0.002797114377001622,0.012473799054404114
675,0.030524172,0.039593533,0.052394353,0.002795684626308999,0.007336229482714919
676,0.045724187,0.05589527,0.073820814,0.002830117206785272,0.0083198998457736
677,0.06970397,0.104971685,0.14601487,0.002985620332273859,0.011788859163273008
678,0.03812504,0.049198166,0.061262462,0.0031383498227324463,0.0328795288353523
679,0.035939883,0.04613773,0.062063616,0.002808558712953372,0.013729546791929297
680,0.07696241,0.08042236,0.10769902,0.0031714379849666938,0.0289872314477305
681,0.016275117,0.018548585,0.024047868,0.002786766463900957,0.004842909613229732
682,0.054730084,0.06640291,0.076859705,0.002832819406896028,0.008365507655734702
683,0.017700788,0.02446124,0.031260785,0.0027726236737871616,0.004847382163489364
684,0.07587222,0.126724,0.17159887,0.0029978669700324984,0.009439306230768534
685,0.07538814,0.08884315,0.107810766,0.0029905263889417515,0.01905854952093887
686,0.0656499,0.07575883,0.10036577,0.00291296376393118,0.014312074471266718
687,0.07152658,0.07602433,0.09465464,0.0029462619854346847,0.01026907533160366
688,0.023988433,0.025586277,0.032284323,0.0027777681102754384,0.005082661069951158
689,0.026278015,0.027845219,0.034901224,0.0027778478131642807,0.005253344640857043
690,0.02271592,0.023606276,0.029137174,0.002791514835768354,0.005010755102314438
691,0.030095149,0.03684914,0.04564657,0.002791670137567991,0.006109350841230227
692,0.019218227,0.020306747,0.025260651,0.0027844712390325413,0.004929862491037867
693,0.023214096,0.024709916,0.030939054,0.002789235225062823,0.005613970772627117
694,0.082854085,0.08712635,0.09973116,0.0029693415202129876,0.013642852392514273
695,0.04146791,0.037469856,0.04367479,0.0028078480421642204,0.009257946077899362
696,0.09438766,0.098437645,0.11157537,0.003140573722155923,0.01651735490603032
697,0.034339085,0.03345057,0.036956195,0.0028009214159500986,0.006057306796988077
698,0.059498012,0.05919097,0.068728484,0.0028831940003521436,0.008221557075312386
699,0.05784586,0.058270954,0.065712884,0.0029480972068763964,0.012984283342417522
700,0.020178348,0.019268299,0.023128176,0.002782931532209041,0.0052533780703901915
701,0.07198263,0.06973948,0.08730187,0.002986012032676712,0.012525633131924938
702,0.08203388,0.09215935,0.11233275,0.003036398301286279,0.01232385961112343
703,0.029876422,0.032196872,0.04141698,0.0027865505264051318,0.00723331102349737
704,0.08747766,0.09559974,0.12520765,0.002958311695868631,0.01680409556951506
705,0.05863153,0.066161826,0.087392315,0.0029041681789713143,0.009638181667945332
706,0.0449383,0.051863283,0.06960643,0.0028424388867194033,0.006972598002248189
707,0.051288918,0.053523693,0.0774285,0.002864367254109451,0.006496945466351077
708,0.042189073,0.042566195,0.051743746,0.002839718690527561,0.0076375973720149625
709,0.0320889,0.032586172,0.038206283,0.0028580137925929517,0.006594053883885721
710,0.09119736,0.09524857,0.110494375,0.0030425429445822987,0.01735429341904704
711,0.036320996,0.036585663,0.046178468,0.0027926661954523055,0.006519828564841155
712,0.05704916,0.060387474,0.078438096,0.0029233750512773645,0.008023985799866956
713,0.07590148,0.07762515,0.09429482,0.003214621934824214,0.02740873068015528
714,0.019610908,0.018605944,0.023772765,0.0027940484673289476,0.005245050115386969
715,0.02660214,0.025200088,0.032603685,0.002808086524029301,0.01293737502820695
716,0.016075408,0.015381848,0.019676754,0.002788974116967303,0.005024632481543097
717,0.02757018,0.026508423,0.032850415,0.0028160378382769634,0.007210240696300109
718,0.03699696,0.037854113,0.047199924,0.0028088081378799474,0.007478623508879617
719,0.033420846,0.03396106,0.044054635,0.0028453348109778,0.0214008993930057
720,0.021898761,0.022554506,0.029538294,0.002775542561526462,0.005172701020088006
721,0.015384885,0.015448537,0.019991107,0.0028088520554394197,0.0048645990600839
722,0.07143376,0.07340557,0.09197222,0.0029502901368580114,0.010355303948889658
723,0.056187626,0.059399888,0.078742236,0.0028719643035445943,0.031309679634720713
724,0.021738602,0.02220889,0.028944943,0.0027823780297427997,0.005467876162823286
725,0.06621146,0.07194127,0.09940399,0.002893293364772596,0.009898093754561363
726,0.07989632,0.083109096,0.103457175,0.0029873663514386833,0.011246143274342448
727,0.07009317,0.07022967,0.09321445,0.0029391664506920765,0.010314541159384672
728,0.074973084,0.076560624,0.10519176,0.0029974236812185134,0.02327350590475168
729,0.03069786,0.03105765,0.039106335,0.0028718636178293295,0.032956007239055896
730,0.020714838,0.019907791,0.025768297,0.00279640922233055,0.005330699062824732
731,0.015756298,0.015943555,0.020367427,0.0028118647372552775,0.005001732623915543
732,0.019520996,0.022327105,0.030785514,0.0027959304894156407,0.005157552678154691
733,0.06526379,0.08444643,0.12764336,0.002920013114346866,0.009271664064445627
734,0.018725786,0.02092218,0.029034747,0.002773203592797157,0.011634977177612181
735,0.030478932,0.034047317,0.047509614,0.0027937549570353193,0.005298248835492577
736,0.01797433,0.01987452,0.025924606,0.002787248985084537,0.004913480385626119
737,0.04031728,0.044044062,0.06000269,0.0028929410472662434,0.009073455978707495
738,0.036773883,0.041429717,0.05584035,0.0028635445703533015,0.015614466717745034
739,0.026280982,0.027449558,0.03820056,0.002793072191144931,0.005292586078875224
740,0.055681996,0.061379224,0.08307022,0.003068328651765786,0.053242179590539576
741,0.02472304,0.023847854,0.03182471,0.0027964014239302637,0.005736655292398094
742,0.054591414,0.051742263,0.06491426,0.002895062669996096,0.012497526676760337
743,0.10844548,0.13292253,0.19230229,0.003189332067183408,0.027184820054339098
744,0.23549142,0.22267167,0.28964666,0.007484789904212015,0.03969405584793484
745,0.10259286,0.10015899,0.13665469,0.003113858514097545,0.016705898421734363
746,0.03393567,0.034335114,0.04678913,0.0027952462823552476,0.007054146388930528
747,0.054588288,0.060816318,0.087274,0.0028506661196051604,0.009963420014311218
748,0.018292911,0.018591067,0.025128126,0.002812391569684033,0.008610443202657346
749,0.03533767,0.035657503,0.04916517,0.0028169354272816753,0.0058927347675498095
750,0.06190584,0.06710548,0.096004836,0.002890468037754778,0.011433574539543426
751,0.016353827,0.021174444,0.028333856,0.0027666988084586496,0.004947857442931462
752,0.033565227,0.03624892,0.048908778,0.0028055403087318617,0.0065297003469111485
753,0.017033042,0.01888323,0.025331574,0.0027949813956673784,0.004955886990487613
754,0.034120034,0.03759332,0.050572146,0.002794416692367812,0.006669720495122804
755,0.047341455,0.054017793,0.070942655,0.002952939609574382,0.015658901694784573
756,0.08974653,0.10974446,0.14870249,0.003525830897359269,0.025910963956356677
757,0.035529528,0.04000401,0.051884107,0.002812468615413339,0.007845269934589538
758,0.01703964,0.01935227,0.02478425,0.002779357853699143,0.005183738966417708
759,0.0766059,0.07760347,0.09644861,0.0029858774795297393,0.019132787022095567
760,0.076556005,0.08556179,0.11821773,0.0029516178292450274,0.016201515493283428
761,0.021153428,0.022062857,0.02862024,0.0028143492376536106,0.005290531481847955
762,0.11861547,0.13600911,0.17964238,0.003232566139251527,0.021451963807066786
763,0.025037695,0.028683642,0.03717105,0.0028050699113210584,0.02092412941409855
764,0.039991647,0.04534834,0.05925595,0.002822770074117384,0.005896518541393055
765,0.030035077,0.032586426,0.04109769,0.0027948076201155725,0.005399846408469022
766,0.016464176,0.016771134,0.021340756,0.002785449753005675,0.004799725849856258
767,0.076265514,0.08651584,0.11347783,0.0030134033699955394,0.013728869890937734
768,0.028401189,0.029421765,0.03715497,0.0027888446766775855,0.011874351595361972
769,0.060397655,0.07149573,0.0940493,0.002897475130374654,0.008641691084237534
770,0.027745772,0.029844224,0.037064046,0.002782494142289614,0.005177988156776128
771,0.07129448,0.08481485,0.11161118,0.002957347366113623,0.014176812551738647
772,0.017019058,0.017634343,0.022918353,0.002786220370981872,0.006276547838713604
773,0.02295177,0.02387611,0.031022359,0.0027876348616596774,0.005513819775631228
774,0.0744988,0.078560494,0.09453077,0.0032846913284439753,0.037418947097099337
775,0.014694455,0.015710335,0.019935131,0.0027919162850270885,0.005612067076039193
776,0.030805552,0.032067124,0.041263245,0.0027806324395052463,0.005851287392038974
777,0.032836013,0.034405157,0.044767376,0.0028008239332371295,0.005775410935343266
778,0.050994284,0.05041866,0.065309756,0.002841049685424389,0.017661768456722075
779,0.017017307,0.017339623,0.022614568,0.0028039541126410237,0.00512318736387338
780,0.025940016,0.028105326,0.035396878,0.0027852954056213197,0.005315486373636837
781,0.13221242,0.14123496,0.18891297,0.0035494129713478364,0.027210849196983664
782,0.03905013,0.03998034,0.048176948,0.00279973916701038,0.006081708343747167
783,0.02453413,0.025580177,0.03209365,0.0027823341091395963,0.005271593316524354
784,0.031041073,0.030910838,0.03856631,0.002785741594132959,0.005608755727180418
785,0.039744128,0.039220918,0.047346715,0.0027738988657870153,0.0051168721409546565
786,0.05317021,0.053354513,0.07076581,0.002880474704710405,0.007837688815987821
787,0.035322905,0.033220463,0.04259044,0.002796429761405472,0.007097909659088952
788,0.051824234,0.046491727,0.058727182,0.0028450963965211693,0.007737942874604134
789,0.10077117,0.10007041,0.13496342,0.0031820533151928703,0.030488437293621284
790,0.015903428,0.015333882,0.02037154,0.002780941475657643,0.0048627525604886725
791,0.092960194,0.09661743,0.12723568,0.003133285339375135,0.020162225606297074
792,0.04474692,0.04339922,0.056837264,0.0028322970627560613,0.008133694244265438
793,0.015988283,0.01582999,0.02025448,0.0027733206202342664,0.0049360390097865
794,0.06252496,0.061471242,0.08335361,0.002902855124348712,0.009482333387295542
795,0.04643838,0.046395354,0.057737645,0.0028218853759203848,0.007199712823515901
796,0.032902382,0.03431825,0.04320392,0.002783624530797808,0.006083232757262197
797,0.13503586,0.1366196,0.18840103,0.003275359297378738,0.02891632097336782
798,0.037578072,0.03531856,0.04569389,0.002853092645814023,0.005803160326207027
799,0.022306414,0.02119773,0.026765564,0.0027717749357667153,0.005481775365805199
800,0.045229796,0.046524983,0.059666466,0.002839270672822926,0.007116894901912266
801,0.04266812,0.040388595,0.054171674,0.0028241278682765132,0.007321371988931146
802,0.031436455,0.029056087,0.037841525,0.0027907290787570114,0.006223066283687261
803,0.06007447,0.057614394,0.07607847,0.002940449072398894,0.008897671260906527
804,0.016697278,0.016617874,0.019848667,0.0027767437426884645,0.004904747180684133
805,0.069423385,0.086842276,0.071078785,0.002880576088681217,0.013315708495242546
806,0.025364837,0.029511211,0.036759406,0.002797203251204943,0.005332229494442404
807,0.025126062,0.029197419,0.03552129,0.0027886375513321206,0.004873064553504331
808,0.024643822,0.026950305,0.030687854,0.0027866689197474006,0.0053883159689698664
809,0.022411104,0.023612263,0.029091105,0.0027965569548723873,0.005053300247963118
810,0.057849564,0.05982789,0.07459466,0.0028378752135992877,0.006925896940659649
811,0.020090155,0.020375859,0.025057081,0.00277861851974917,0.004960765185709297
812,0.05897834,0.06490648,0.07243007,0.0029127846392303283,0.006597552069952849
813,0.032052055,0.032873213,0.04029774,0.0027913711509986116,0.005377347944847544
814,0.105106294,0.113025784,0.14072692,0.00318566891106474,0.019045262716655947
815,0.042492192,0.042005733,0.049839627,0.0028159976997853063,0.021431776317615357
816,0.11213944,0.11700659,0.1217209,0.003242278619158026,0.02182180504313536
817,0.107459076,0.111289784,0.13925879,0.0035010583724251333,0.007735308306441113
818,0.023312755,0.024352865,0.031264707,0.0028038243461378956,0.006089554843358647
819,0.032939035,0.033262104,0.038116578,0.002790353287314837,0.005908900205565972
820,0.10228727,0.1131266,0.1340614,0.003205366509028264,0.015186743369974874
821,0.12577693,0.14066681,0.19092777,0.0034290060522453813,0.056404919804721225
822,0.014881439,0.015876258,0.020021504,0.0027745955903443753,0.0049734713451164
823,0.0991856,0.109139405,0.14620055,0.0030078756120946,0.01309558175328027
824,0.06930897,0.09560775,0.123383395,0.0029588833161292845,0.009928980530851906
825,0.029275801,0.033795305,0.04371129,0.0027952461999740485,0.005847510452832082
826,0.035731494,0.036011603,0.04457265,0.0027943798594389432,0.0056666204988154
827,0.023328844,0.023083255,0.028372206,0.002775720052519311,0.005153560324693018
828,0.02494175,0.025595557,0.030031368,0.0027872527230385154,0.005584448019999178
829,0.027499693,0.026340766,0.0313866,0.0027870311900296918,0.006145001327912987
830,0.03230115,0.034732893,0.044110302,0.0028012790053504374,0.005801072044205404
831,0.040555622,0.041657597,0.052345067,0.0028063241903062016,0.006461763769438543
832,0.021273112,0.025176572,0.03234598,0.0027808357470513563,0.005129732016967454
833,0.058257286,0.06898543,0.09081633,0.0028996904469804855,0.009503824794026951
834,0.12437424,0.15409988,0.20608607,0.0032362746248606224,0.024387335762456427
835,0.05452851,0.07114124,0.09629538,0.002873701997537136,0.007275962340476668
836,0.052312523,0.052786857,0.06580966,0.002836613778560684,0.009295887177504075
837,0.05291812,0.06268266,0.08140559,0.0028595835040620193,0.007722624541265357
838,0.05883138,0.065393135,0.085462086,0.0028595352666287606,0.009582393607022508
839,0.10058064,0.11736084,0.15352316,0.0030903057327590212,0.019253323104887584
840,0.032645416,0.03384559,0.042346157,0.002793556881367682,0.008175570712804751
841,0.063723125,0.074852824,0.09077649,0.002913224456808705,0.009701153130025722
842,0.021150086,0.02119243,0.024938432,0.0027891806413626627,0.009904079344425658
843,0.11368307,0.11395475,0.13803688,0.0031227370028537494,0.02314853818843052
844,0.030114418,0.030914105,0.038841203,0.002782504777543497,0.005869765230723127
845,0.0324414,0.03344553,0.041513115,0.0027846390541003347,0.0061727401734221685
846,0.0465867,0.04627064,0.05807507,0.0028175979043237867,0.006425399992808207
847,0.016018031,0.016901229,0.021350317,0.0027724263376028508,0.004901753108225556
848,0.064591244,0.06987096,0.086672515,0.0028904096175035175,0.012391245842724998
849,0.08794924,0.103731535,0.12992828,0.003083674443729557,0.016992780516302052
850,0.111580394,0.11820319,0.15470968,0.0032440143944123772,0.016407017359994062
